0 1.6908 1.3805 1.2945 1.2463 1.5431 1.589 1.456 1.7945 1.3957 1.7866 0.94608 1.5161 1.8375 1.5952 1.8416 1.575 1.7498 1.4364 1.2073 1.6791 1.3923 1.7293 1.3796 1.6373 1.2009 1.0071 1.4063 1.3902 1.6842 1.3098 1.6469 1.2305 1.825 1.9664 1.5309 1.4896 1.4004 1.0733 1.5215 1.8835 1.8249 1.5696 1.8717 1.4265 1.6125 1.2215 1.4602 1.5723 1.7629
1.6908 0 2.0095 1.6098 1.5236 1.8718 1.5459 1.6037 1.0708 1.5018 1.6314 1.4803 1.2953 1.3923 1.6849 1.6659 1.4495 1.7559 1.511 1.6481 1.8031 1.6824 1.5305 1.0274 1.2742 1.5808 1.7689 1.6189 1.6292 1.7536 1.5896 1.8844 1.7851 1.9284 1.9103 1.7567 1.1295 1.6032 1.5261 1.5714 1.48 1.7053 1.9935 1.676 1.6818 1.8822 1.5149 1.5996 1.8757 1.8833
1.3805 2.0095 0 1.5257 1.5169 1.606 1.5718 1.7381 2.002 1.7475 1.5123 1.75 2.075 1.7724 1.5498 1.6279 1.5809 1.9516 1.8689 1.8621 1.5769 1.6097 1.9512 1.813 1.6717 1.662 1.3233 1.3612 1.6125 1.6797 1.4522 1.6105 1.2088 2.0702 1.708 1.9583 1.5697 1.1618 1.4783 1.7798 1.8206 1.7925 1.7009 1.8045 1.2717 1.8587 1.7917 1.9952 1.6185 1.9112
1.2945 1.6098 1.5257 0 1.0779 1.4688 1.7894 1.2961 1.5254 1.5472 1.5831 1.3103 1.5582 1.6681 1.6758 1.9026 0.89237 1.3601 1.0494 1.4225 1.3355 1.5549 1.6011 1.6041 1.7351 1.4697 1.3062 1.499 1.226 1.3021 1.0291 1.7819 1.0873 1.9198 1.8965 1.4073 1.1906 1.366 1.1371 1.7245 1.4335 1.5109 1.574 1.5579 1.4708 1.5435 1.5102 1.5477 1.4827 1.528
1.2463 1.5236 1.5169 1.0779 0 1.2925 1.608 1.3879 1.5621 1.4621 1.6702 0.99731 1.3741 1.6766 1.465 1.6036 1.0993 1.6119 1.3089 1.0168 1.3113 1.4696 1.2987 1.3474 1.6923 1.5204 1.0643 1.4176 1.3554 1.3355 1.4158 1.4763 1.3323 1.5932 1.7951 1.0669 1.4153 1.3304 0.98223 1.3412 1.4469 1.0652 1.489 1.2343 1.4191 1.1523 1.2634 1.239 1.1136 1.3649
1.5431 1.8718 1.606 1.4688 1.2925 0 1.5634 1.5336 1.8704 1.7281 2.043 1.5429 1.9044 1.8549 1.9275 1.7413 1.4984 2.0059 1.7915 1.2462 1.7268 1.3151 1.8877 2.0234 1.7321 1.6312 1.7561 1.8259 1.7742 1.4097 1.6464 1.5232 1.2167 1.4283 1.9117 1.6146 1.6127 1.6287 1.5586 1.4449 1.9649 1.5544 1.5216 1.7945 1.2872 1.6704 1.236 1.6511 1.9143 1.8435
1.589 1.5459 1.5718 1.7894 1.608 1.5634 0 1.4188 1.7568 1.6706 1.4958 1.4097 1.4682 1.3732 1.3245 1.4699 1.554 2.1406 1.8557 1.9705 1.5847 1.6653 1.6446 1.6289 1.6534 1.4383 1.4943 1.5195 1.4076 1.5763 1.3607 1.775 1.28 1.1147 1.6596 1.9291 1.4619 1.363 1.5742 1.3997 2.0052 2.02 1.7815 1.7065 1.5309 1.62 1.2926 1.4891 1.9022 1.6269
1.456 1.6037 1.7381 1.2961 1.3879 1.5336 1.4188 0 1.7168 1.6996 1.5806 1.3365 1.6184 1.8536 1.7522 1.8539 1.2797 1.6004 1.5277 1.7317 1.902 1.3847 1.4139 1.5356 1.9464 1.3899 1.4049 1.4138 1.4618 1.4556 1.3234 1.8273 1.4606 1.5871 2.0875 1.9403 1.4893 1.6595 1.2113 1.512 1.4691 1.351 2.0112 1.6787 1.6967 1.6453 1.4479 1.1561 1.7055 1.4759
1.7945 1.0708 2.002 1.5254 1.5621 1.8704 1.7568 1.7168 0 1.8206 1.8136 1.6799 1.3144 1.3804 1.7878 1.7453 1.554 1.5512 1.594 1.7219 1.794 1.8608 1.6476 1.4228 1.3772 1.685 1.6599 1.6959 1.6245 1.8585 1.4422 2.0877 1.7264 1.8497 1.6353 1.4978 1.3197 1.7424 1.7388 1.7057 1.3573 1.5874 1.4757 1.7392 1.4834 1.8896 1.4945 1.412 1.7905 1.457
1.3957 1.5018 1.7475 1.5472 1.4621 1.7281 1.6706 1.6996 1.8206 0 2.0486 1.4777 1.8286 1.6273 1.6688 1.885 1.7801 1.9279 1.6476 1.4596 1.7105 1.8088 1.8248 1.1487 1.3114 1.0798 1.4293 1.6657 1.6222 1.9657 1.6015 1.8439 1.7639 2.147 1.9465 1.728 1.3404 1.3508 1.4801 1.6343 2.0705 1.8828 1.5994 1.6408 1.8055 1.7796 1.7872 1.8029 1.4907 1.691
1.7866 1.6314 1.5123 1.5831 1.6702 2.043 1.4958 1.5806 1.8136 2.0486 0 1.8623 1.9294 1.5328 1.4599 1.4368 1.1533 1.9011 1.4413 2.2355 1.6595 1.7192 1.6753 1.6289 1.8704 1.9195 1.7754 1.1333 1.3881 1.449 1.2647 1.5848 1.5085 1.8196 1.9041 2.1577 1.5137 1.3255 1.7496 1.6601 1.3788 1.8133 2.2527 1.4938 1.5112 1.7681 1.6653 1.8563 1.6669 1.7398
0.94608 1.4803 1.75 1.3103 0.99731 1.5429 1.4097 1.3365 1.6799 1.4777 1.8623 0 1.0775 1.6161 1.6571 1.8294 1.4492 1.6216 1.4614 1.132 1.5628 1.6943 1.5973 1.3092 1.9205 1.4831 1.0101 1.4176 1.2787 1.5582 1.3542 1.8338 1.2433 1.5121 1.9218 1.2774 1.4062 1.5448 0.91959 1.619 1.7406 1.6658 1.6394 1.662 1.7818 1.6016 1.0444 1.3313 1.6163 1.6212
1.5161 1.2953 2.075 1.5582 1.3741 1.9044 1.4682 1.6184 1.3144 1.8286 1.9294 1.0775 0 1.4493 1.7055 1.9605 1.445 1.5625 1.7699 1.6547 1.6043 1.7749 1.6601 1.344 1.8334 1.5072 1.2608 1.922 1.2109 1.5676 1.6029 1.973 1.5266 1.5921 1.8134 1.387 1.2563 1.6099 1.3339 1.7315 1.7202 1.8946 1.7196 1.9345 1.7273 1.8367 1.3049 1.1947 2.0212 1.6794
1.8375 1.3923 1.7724 1.6681 1.6766 1.8549 1.3732 1.8536 1.3804 1.6273 1.5328 1.6161 1.4493 0 1.773 1.3759 1.4489 1.5316 1.8647 1.9549 1.5684 1.9006 2.0654 1.3706 1.6307 1.6385 1.5822 1.4713 1.2643 1.5165 1.3827 1.6958 1.4466 1.62 1.3959 1.6588 1.0179 1.1609 1.6919 1.8683 1.5504 1.9467 1.5597 1.6199 1.6812 2.0515 1.4457 1.8763 1.8471 1.5957
1.5952 1.6849 1.5498 1.6758 1.465 1.9275 1.3245 1.7522 1.7878 1.6688 1.4599 1.6571 1.7055 1.773 0 1.573 1.6635 2.0771 1.751 1.7969 1.205 1.8494 1.6256 1.4852 1.6119 1.5059 1.5275 1.7026 1.4062 1.5709 1.3391 1.6488 1.6627 1.7637 2.141 1.9199 1.5253 1.4897 1.6218 1.6931 1.997 1.9139 1.8874 1.2337 1.3763 1.5576 1.8147 1.6957 1.727 1.5905
1.8416 1.6659 1.6279 1.9026 1.6036 1.7413 1.4699 1.8539 1.7453 1.885 1.4368 1.8294 1.9605 1.3759 1.573 0 1.5873 2.2055 2.0145 1.8923 1.5998 1.6157 1.9167 1.5809 1.508 1.7164 1.7603 1.3922 1.8571 1.5688 1.5562 1.266 1.6839 1.5708 1.7181 1.7036 1.5929 1.2824 1.6787 1.4892 1.8357 1.869 1.7713 1.3663 1.5483 1.5485 1.6342 1.8586 1.6839 1.8477
1.575 1.4495 1.5809 0.89237 1.0993 1.4984 1.554 1.2797 1.554 1.7801 1.1533 1.4492 1.445 1.4489 1.6635 1.5873 0 1.5153 1.2175 1.7098 1.3352 1.4258 1.3205 1.5888 1.7002 1.6312 1.4616 1.4814 1.123 1.0674 1.3211 1.4153 1.1579 1.6958 1.6503 1.521 1.1228 1.0803 1.2103 1.4508 1.2807 1.4625 1.805 1.4216 1.3479 1.4939 1.3418 1.404 1.5292 1.546
1.7498 1.7559 1.9516 1.3601 1.6119 2.0059 2.1406 1.6004 1.5512 1.9279 1.9011 1.6216 1.5625 1.5316 2.0771 2.2055 1.5153 0 1.8347 1.7361 1.9354 1.9182 2.1483 1.515 2.2064 1.8229 1.5484 1.7712 1.2467 1.4851 1.5852 1.922 1.6938 2.1629 2.1662 1.8738 1.2309 1.7647 1.5276 2.3268 1.091 1.4789 1.9391 1.8519 1.8394 2.427 1.7352 1.8518 2.0158 1.6672
1.4364 1.511 1.8689 1.0494 1.3089 1.7915 1.8557 1.5277 1.594 1.6476 1.4413 1.4614 1.7699 1.8647 1.751 2.0145 1.2175 1.8347 0 1.6396 1.5698 1.8852 1.4766 1.63 1.8043 1.8351 1.6436 1.3516 1.3974 1.7493 1.1595 2.0385 1.4035 1.9677 1.9086 1.6074 1.513 1.6508 1.6968 1.4488 1.5735 1.6596 1.9114 1.5956 1.6225 1.5747 1.4882 1.5743 1.4382 1.5533
1.2073 1.6481 1.8621 1.4225 1.0168 1.2462 1.9705 1.7317 1.7219 1.4596 2.2355 1.132 1.6547 1.9549 1.7969 1.8923 1.7098 1.7361 1.6396 0 1.6378 1.6498 1.8467 1.5419 1.7403 1.6035 1.5155 1.8265 1.7099 1.649 1.6971 1.6362 1.5975 1.8912 2.1814 1.2168 1.5303 1.7728 1.2975 1.6978 1.9028 1.4679 1.5347 1.5972 1.5785 1.7761 1.3968 1.6387 1.7478 1.8459
1.6791 1.8031 1.5769 1.3355 1.3113 1.7268 1.5847 1.902 1.794 1.7105 1.6595 1.5628 1.6043 1.5684 1.205 1.5998 1.3352 1.9354 1.5698 1.6378 0 2.0037 1.8287 1.7393 1.7301 1.7004 1.4378 1.8056 1.1616 1.3372 1.2879 1.6702 1.1991 1.8161 1.6497 1.2897 1.1813 1.2374 1.6279 1.6735 2.0079 1.9584 1.5509 1.3005 1.4222 1.6621 1.7834 1.783 1.8039 1.6698
1.3923 1.6824 1.6097 1.5549 1.4696 1.3151 1.6653 1.3847 1.8608 1.8088 1.7192 1.6943 1.7749 1.9006 1.8494 1.6157 1.4258 1.9182 1.8852 1.6498 2.0037 0 1.9114 1.6089 1.5948 1.2126 1.6668 1.7668 1.8188 1.2861 1.6754 1.2509 1.5733 1.6934 2.2077 1.9372 1.5945 1.5078 1.3695 1.414 1.7156 1.6693 1.9972 2.048 1.3328 1.5589 1.5076 1.5718 1.943 2.0752
1.7293 1.5305 1.9512 1.6011 1.2987 1.8877 1.6446 1.4139 1.6476 1.8248 1.6753 1.5973 1.6601 2.0654 1.6256 1.9167 1.3205 2.1483 1.4766 1.8467 1.8287 1.9114 0 1.6937 1.665 1.821 1.612 1.7588 1.6835 2.0245 1.8398 1.9367 1.8752 1.9825 1.889 1.8124 1.7834 1.6345 1.4605 1.3282 1.8379 1.5631 1.9648 1.4767 1.6314 1.4348 1.5649 1.0686 1.3756 1.4376
1.3796 1.0274 1.813 1.6041 1.3474 2.0234 1.6289 1.5356 1.4228 1.1487 1.6289 1.3092 1.344 1.3706 1.4852 1.5809 1.5888 1.515 1.63 1.5419 1.7393 1.6089 1.6937 0 1.4554 1.2088 1.2687 1.3908 1.4299 1.6878 1.4919 1.6512 1.8364 1.9696 1.991 1.6748 1.1739 1.3783 1.2792 1.6402 1.4554 1.6009 1.8771 1.5202 1.7609 1.7696 1.6372 1.5548 1.5167 1.6393
1.6373 1.2742 1.6717 1.7351 1.6923 1.7321 1.6534 1.9464 1.3772 1.3114 1.8704 1.9205 1.8334 1.6307 1.6119 1.508 1.7002 2.2064 1.8043 1.7403 1.7301 1.5948 1.665 1.4554 0 1.2679 1.7575 1.861 1.875 2.0222 1.7314 1.6904 1.8175 2.1496 1.6504 1.7475 1.3878 1.2969 1.7288 1.3665 2.0666 2.0117 1.5029 1.7934 1.2523 1.7093 1.7652 1.7218 1.7323 1.8949
1.2009 1.5808 1.662 1.4697 1.5204 1.6312 1.4383 1.3899 1.685 1.0798 1.9195 1.4831 1.5072 1.6385 1.5059 1.7164 1.6312 1.8229 1.8351 1.6035 1.7004 1.2126 1.821 1.2088 1.2679 0 1.2292 1.7931 1.5007 1.6119 1.4315 1.6054 1.5908 1.8085 1.9838 1.7291 1.29 1.2819 1.2859 1.486 2.0104 1.9421 1.5409 1.8689 1.4938 1.5615 1.6452 1.4049 1.7589 1.6721
1.0071 1.7689 1.3233 1.3062 1.0643 1.7561 1.4943 1.4049 1.6599 1.4293 1.7754 1.0101 1.2608 1.5822 1.5275 1.7603 1.4616 1.5484 1.6436 1.5155 1.4378 1.6668 1.612 1.2687 1.7575 1.2292 0 1.3949 1.1696 1.6452 1.3239 1.7734 1.2735 1.7743 1.5741 1.2896 1.3839 1.1866 1.0071 1.5811 1.6953 1.6264 1.3361 1.6926 1.5779 1.5331 1.4651 1.2519 1.3132 1.3416
1.4063 1.6189 1.3612 1.499 1.4176 1.8259 1.5195 1.4138 1.6959 1.6657 1.1333 1.4176 1.922 1.4713 1.7026 1.3922 1.4814 1.7712 1.3516 1.8265 1.8056 1.7668 1.7588 1.3908 1.861 1.7931 1.3949 0 1.5605 1.7341 1.0796 1.81 1.4029 1.7358 1.7508 1.8233 1.5994 1.432 1.5054 1.6146 1.3114 1.5315 1.8741 1.4831 1.7377 1.6631 1.4383 1.7758 1.2112 1.535
1.3902 1.6292 1.6125 1.226 1.3554 1.7742 1.4076 1.4618 1.6245 1.6222 1.3881 1.2787 1.2109 1.2643 1.4062 1.8571 1.123 1.2467 1.3974 1.7099 1.1616 1.8188 1.6835 1.4299 1.875 1.5007 1.1696 1.5605 0 1.2152 1.1691 1.6063 1.0981 1.6473 1.6289 1.5855 0.92475 1.1538 1.438 1.7092 1.5655 1.7614 1.6596 1.4917 1.3904 1.9229 1.3468 1.4464 1.7618 1.3073
1.6842 1.7536 1.6797 1.3021 1.3355 1.4097 1.5763 1.4556 1.8585 1.9657 1.449 1.5582 1.5676 1.5165 1.5709 1.5688 1.0674 1.4851 1.7493 1.649 1.3372 1.2861 2.0245 1.6878 2.0222 1.6119 1.6452 1.7341 1.2152 0 1.3423 1.2061 1.214 1.4323 2.1162 1.7336 1.1883 1.4222 1.4421 1.7717 1.495 1.6112 1.9913 1.5608 1.4197 1.789 1.5233 1.7391 2.0566 1.8416
1.3098 1.5896 1.4522 1.0291 1.4158 1.6464 1.3607 1.3234 1.4422 1.6015 1.2647 1.3542 1.6029 1.3827 1.3391 1.5562 1.3211 1.5852 1.1595 1.6971 1.2879 1.6754 1.8398 1.4919 1.7314 1.4315 1.3239 1.0796 1.1691 1.3423 0 1.8603 0.98756 1.5059 1.7863 1.5954 1.2421 1.4249 1.513 1.635 1.509 1.7493 1.5753 1.4891 1.4581 1.5537 1.4381 1.6075 1.5887 1.377
1.6469 1.8844 1.6105 1.7819 1.4763 1.5232 1.775 1.8273 2.0877 1.8439 1.5848 1.8338 1.973 1.6958 1.6488 1.266 1.4153 1.922 2.0385 1.6362 1.6702 1.2509 1.9367 1.6512 1.6904 1.6054 1.7734 1.81 1.6063 1.2061 1.8603 0 1.6942 1.8121 2.0811 1.8743 1.4984 1.178 1.5207 1.6122 1.8647 1.7438 1.9578 1.4994 1.2631 1.8232 1.5844 1.8527 1.862 1.9762
1.2305 1.7851 1.2088 1.0873 1.3323 1.2167 1.28 1.4606 1.7264 1.7639 1.5085 1.2433 1.5266 1.4466 1.6627 1.6839 1.1579 1.6938 1.4035 1.5975 1.1991 1.5733 1.8752 1.8364 1.8175 1.5908 1.2735 1.4029 1.0981 1.214 0.98756 1.6942 0 1.4384 1.467 1.4515 1.2112 1.2251 1.4166 1.5486 1.7395 1.8329 1.4572 1.7778 1.2689 1.714 1.1865 1.6252 1.8227 1.6835
1.825 1.9284 2.0702 1.9198 1.5932 1.4283 1.1147 1.5871 1.8497 2.147 1.8196 1.5121 1.5921 1.62 1.7637 1.5708 1.6958 2.1629 1.9677 1.8912 1.8161 1.6934 1.9825 1.9696 2.1496 1.8085 1.7743 1.7358 1.6473 1.4323 1.5059 1.8121 1.4384 0 1.9579 1.7729 1.8398 1.8438 1.8575 1.5113 1.9946 1.9181 1.8196 1.8212 1.6975 1.5929 1.0971 1.4595 2.0747 1.6034
1.9664 1.9103 1.708 1.8965 1.7951 1.9117 1.6596 2.0875 1.6353 1.9465 1.9041 1.9218 1.8134 1.3959 2.141 1.7181 1.6503 2.1662 1.9086 2.1814 1.6497 2.2077 1.889 1.991 1.6504 1.9838 1.5741 1.7508 1.6289 2.1162 1.7863 2.0811 1.467 1.9579 0 1.5151 1.5671 1.2816 2.0258 1.54 2.039 2.1001 1.3133 1.9955 1.6092 2.0307 1.6553 1.7387 1.7876 1.6496
1.5309 1.7567 1.9583 1.4073 1.0669 1.6146 1.9291 1.9403 1.4978 1.728 2.1577 1.2774 1.387 1.6588 1.9199 1.7036 1.521 1.8738 1.6074 1.2168 1.2897 1.9372 1.8124 1.6748 1.7475 1.7291 1.2896 1.8233 1.5855 1.7336 1.5954 1.8743 1.4515 1.7729 1.5151 0 1.5085 1.5404 1.503 1.5481 1.9244 1.7509 1.0955 1.6675 1.6718 1.5225 1.4526 1.459 1.589 1.6014
1.4896 1.1295 1.5697 1.1906 1.4153 1.6127 1.4619 1.4893 1.3197 1.3404 1.5137 1.4062 1.2563 1.0179 1.5253 1.5929 1.1228 1.2309 1.513 1.5303 1.1813 1.5945 1.7834 1.1739 1.3878 1.29 1.3839 1.5994 0.92475 1.1883 1.2421 1.4984 1.2112 1.8398 1.5671 1.5085 0 1.0479 1.3521 1.6627 1.4686 1.697 1.602 1.502 1.3419 1.987 1.5075 1.6281 1.8793 1.6578
1.4004 1.6032 1.1618 1.366 1.3304 1.6287 1.363 1.6595 1.7424 1.3508 1.3255 1.5448 1.6099 1.1609 1.4897 1.2824 1.0803 1.7647 1.6508 1.7728 1.2374 1.5078 1.6345 1.3783 1.2969 1.2819 1.1866 1.432 1.1538 1.4222 1.4249 1.178 1.2251 1.8438 1.2816 1.5404 1.0479 0 1.2813 1.4205 1.7481 1.8421 1.4674 1.4811 1.2603 1.6037 1.5059 1.6457 1.4188 1.6019
1.0733 1.5261 1.4783 1.1371 0.98223 1.5586 1.5742 1.2113 1.7388 1.4801 1.7496 0.91959 1.3339 1.6919 1.6218 1.6787 1.2103 1.5276 1.6968 1.2975 1.6279 1.3695 1.4605 1.2792 1.7288 1.2859 1.0071 1.5054 1.438 1.4421 1.513 1.5207 1.4166 1.8575 2.0258 1.503 1.3521 1.2813 0 1.7273 1.6089 1.5281 1.7198 1.5907 1.6694 1.5326 1.4072 1.4207 1.4883 1.7382
1.5215 1.5714 1.7798 1.7245 1.3412 1.4449 1.3997 1.512 1.7057 1.6343 1.6601 1.619 1.7315 1.8683 1.6931 1.4892 1.4508 2.3268 1.4488 1.6978 1.6735 1.414 1.3282 1.6402 1.3665 1.486 1.5811 1.6146 1.7092 1.7717 1.635 1.6122 1.5486 1.5113 1.54 1.5481 1.6627 1.4205 1.7273 0 1.9785 1.7086 1.7107 1.72 1.3096 1.1645 1.3556 1.1182 1.5451 1.6177
1.8835 1.48 1.8206 1.4335 1.4469 1.9649 2.0052 1.4691 1.3573 2.0705 1.3788 1.7406 1.7202 1.5504 1.997 1.8357 1.2807 1.091 1.5735 1.9028 2.0079 1.7156 1.8379 1.4554 2.0666 2.0104 1.6953 1.3114 1.5655 1.495 1.509 1.8647 1.7395 1.9946 2.039 1.9244 1.4686 1.7481 1.6089 1.9785 0 1.0462 2.1327 1.6724 1.7518 2.0586 1.6678 1.7572 1.6817 1.6455
1.8249 1.7053 1.7925 1.5109 1.0652 1.5544 2.02 1.351 1.5874 1.8828 1.8133 1.6658 1.8946 1.9467 1.9139 1.869 1.4625 1.4789 1.6596 1.4679 1.9584 1.6693 1.5631 1.6009 2.0117 1.9421 1.6264 1.5315 1.7614 1.6112 1.7493 1.7438 1.8329 1.9181 2.1001 1.7509 1.697 1.8421 1.5281 1.7086 1.0462 0 1.9421 1.4173 1.6414 1.8061 1.6568 1.5094 1.4475 1.4596
1.5696 1.9935 1.7009 1.574 1.489 1.5216 1.7815 2.0112 1.4757 1.5994 2.2527 1.6394 1.7196 1.5597 1.8874 1.7713 1.805 1.9391 1.9114 1.5347 1.5509 1.9972 1.9648 1.8771 1.5029 1.5409 1.3361 1.8741 1.6596 1.9913 1.5753 1.9578 1.4572 1.8196 1.3133 1.0955 1.602 1.4674 1.7198 1.7107 2.1327 1.9421 0 1.8183 1.4459 1.7532 1.5101 1.6005 1.6108 1.3832
1.8717 1.676 1.8045 1.5579 1.2343 1.7945 1.7065 1.6787 1.7392 1.6408 1.4938 1.662 1.9345 1.6199 1.2337 1.3663 1.4216 1.8519 1.5956 1.5972 1.3005 2.048 1.4767 1.5202 1.7934 1.8689 1.6926 1.4831 1.4917 1.5608 1.4891 1.4994 1.7778 1.8212 1.9955 1.6675 1.502 1.4811 1.5907 1.72 1.6724 1.4173 1.8183 0 1.633 1.6281 1.7258 1.7348 1.3404 1.2991
1.4265 1.6818 1.2717 1.4708 1.4191 1.2872 1.5309 1.6967 1.4834 1.8055 1.5112 1.7818 1.7273 1.6812 1.3763 1.5483 1.3479 1.8394 1.6225 1.5785 1.4222 1.3328 1.6314 1.7609 1.2523 1.4938 1.5779 1.7377 1.3904 1.4197 1.4581 1.2631 1.2689 1.6975 1.6092 1.6718 1.3419 1.2603 1.6694 1.3096 1.7518 1.6414 1.4459 1.633 0 1.7019 1.3712 1.4764 1.7829 1.6146
1.6125 1.8822 1.8587 1.5435 1.1523 1.6704 1.62 1.6453 1.8896 1.7796 1.7681 1.6016 1.8367 2.0515 1.5576 1.5485 1.4939 2.427 1.5747 1.7761 1.6621 1.5589 1.4348 1.7696 1.7093 1.5615 1.5331 1.6631 1.9229 1.789 1.5537 1.8232 1.714 1.5929 2.0307 1.5225 1.987 1.6037 1.5326 1.1645 2.0586 1.8061 1.7532 1.6281 1.7019 0 1.6423 1.3723 1.2472 1.61
1.2215 1.5149 1.7917 1.5102 1.2634 1.236 1.2926 1.4479 1.4945 1.7872 1.6653 1.0444 1.3049 1.4457 1.8147 1.6342 1.3418 1.7352 1.4882 1.3968 1.7834 1.5076 1.5649 1.6372 1.7652 1.6452 1.4651 1.4383 1.3468 1.5233 1.4381 1.5844 1.1865 1.0971 1.6553 1.4526 1.5075 1.5059 1.4072 1.3556 1.6678 1.6568 1.5101 1.7258 1.3712 1.6423 0 1.2261 1.7049 1.4945
1.4602 1.5996 1.9952 1.5477 1.239 1.6511 1.4891 1.1561 1.412 1.8029 1.8563 1.3313 1.1947 1.8763 1.6957 1.8586 1.404 1.8518 1.5743 1.6387 1.783 1.5718 1.0686 1.5548 1.7218 1.4049 1.2519 1.7758 1.4464 1.7391 1.6075 1.8527 1.6252 1.4595 1.7387 1.459 1.6281 1.6457 1.4207 1.1182 1.7572 1.5094 1.6005 1.7348 1.4764 1.3723 1.2261 0 1.5957 1.1786
1.5723 1.8757 1.6185 1.4827 1.1136 1.9143 1.9022 1.7055 1.7905 1.4907 1.6669 1.6163 2.0212 1.8471 1.727 1.6839 1.5292 2.0158 1.4382 1.7478 1.8039 1.943 1.3756 1.5167 1.7323 1.7589 1.3132 1.2112 1.7618 2.0566 1.5887 1.862 1.8227 2.0747 1.7876 1.589 1.8793 1.4188 1.4883 1.5451 1.6817 1.4475 1.6108 1.3404 1.7829 1.2472 1.7049 1.5957 0 1.2299
1.7629 1.8833 1.9112 1.528 1.3649 1.8435 1.6269 1.4759 1.457 1.691 1.7398 1.6212 1.6794 1.5957 1.5905 1.8477 1.546 1.6672 1.5533 1.8459 1.6698 2.0752 1.4376 1.6393 1.8949 1.6721 1.3416 1.535 1.3073 1.8416 1.377 1.9762 1.6835 1.6034 1.6496 1.6014 1.6578 1.6019 1.7382 1.6177 1.6455 1.4596 1.3832 1.2991 1.6146 1.61 1.4945 1.1786 1.2299 0
