0 0.93047 0.7235 0.39562 0.57701 0.89218 0.96266 0.94712 0.85904 0.61428 1.0322 0.59899 0.94288 1.0915 0.76743 1.1183 0.78098 1.2314 0.42631 0.38545 0.3903 1.1975 0.81698 1.0742 0.71803 0.85456 0.52126 0.80426 0.73539 1.0952 0.37514 1.2073 0.54156 1.2083 0.83985 0.52967 0.8562 0.73967 0.6341 0.84028 1.314 1.1339 0.25031 0.98081 0.75925 0.50235 0.63635 0.90228 0.55273 0.94698 0.71788 0.67223 0.97835 1.1992 1.0119 0.75882 0.25904 0.91434 1.027 0.69448 0.86874 0.82131 0.92201 0.68296 0.57002 0.51356 0.96752 1.3924 0.9384 0.97997 0.79832 0.67151 0.68853 0.70842 0.45907 0.53576 0.98019 0.87522 0.61955 0.82051 0.88101 0.28545 0.85063 0.37452 0.9687 1.0646 0.7045 0.58786 0.9336 0.2728 1.4368 1.3383 0.90522 0.70401 0.63641 0.84739 0.65261 0.55633 1.0513 0.82009
0.93047 0 1.1985 0.68352 0.70457 1.1605 0.97039 0.44304 0.27354 0.57636 0.84121 0.73595 0.64452 0.46254 0.80874 0.81878 0.6208 0.32344 0.9522 0.65647 0.89363 1.0801 0.8073 0.23122 0.84576 0.68465 0.74701 0.74916 0.60284 0.73722 0.60864 0.92388 1.1247 1.1056 1.1681 0.91637 0.39073 0.79391 0.31743 1.1467 0.61661 0.61219 0.88918 0.46519 1.0696 0.93804 0.74107 0.79088 0.70776 0.65361 1.0125 0.79639 0.30849 0.78549 0.8506 0.56527 0.74534 0.79876 0.61973 1.2506 0.74963 0.92641 0.88942 0.60799 0.89841 0.74374 0.44858 0.89175 0.97729 1.0523 0.62655 0.88781 0.5134 1.1269 0.84741 1.1361 0.89165 0.80142 0.54436 0.58944 0.82121 0.73515 0.35235 0.82286 0.55566 0.94935 0.5127 0.63014 0.6841 0.99587 0.892 0.8856 0.71524 0.66663 0.37632 1.1486 0.78816 0.72026 1.0418 0.76495
0.7235 1.1985 0 0.86266 0.84772 0.32341 0.79446 0.98133 1.1536 0.97721 0.87515 1.1183 1.2953 1.0939 1.0267 0.90262 0.79595 1.4542 0.91623 0.92728 0.7675 0.75211 1.1762 1.3558 0.7547 0.92964 0.89703 0.84202 0.98277 0.86376 0.67748 0.90646 0.28899 0.95159 0.62594 1.0008 1.0039 0.61263 1.0415 0.46551 1.3208 1.1107 0.63993 1.2582 0.27737 0.5816 0.68291 1.0816 0.90887 1.1867 0.35143 0.93694 1.0499 0.99286 0.75258 0.77089 0.85448 0.75676 1.1514 0.31154 1.0994 0.54508 0.92922 0.85377 1.0769 1.0647 0.98808 1.147 0.73406 0.86576 1.1725 0.39283 0.92479 0.501 0.95819 0.29078 0.65162 0.67373 0.69444 0.89909 0.87174 0.74945 0.90841 0.5944 1.1771 0.98299 0.95454 0.76473 0.76001 0.55381 1.2354 1.1175 0.89478 1.0495 1.0382 0.64398 0.63923 0.48979 0.61698 0.6423
0.39562 0.68352 0.86266 0 0.66821 0.91466 1.0719 0.84087 0.67794 0.2449 1.0143 0.67425 0.95301 0.86962 0.88463 0.97163 0.68283 0.95817 0.55747 0.1508 0.55129 1.1012 0.93093 0.84731 0.52629 0.66868 0.66517 0.76504 0.74626 0.97453 0.32389 1.0612 0.73027 1.2988 0.95858 0.57956 0.55698 0.6481 0.43422 0.99606 1.1425 1.0418 0.3545 0.84376 0.86011 0.73943 0.72874 0.99838 0.60635 0.97209 0.81032 0.82498 0.74884 1.0229 1.0135 0.73228 0.26711 0.69885 1.0104 0.931 0.57988 0.90366 1.0246 0.69864 0.62435 0.56681 0.704 1.2779 0.86618 1.1402 0.77575 0.75678 0.33353 0.94865 0.66162 0.76594 0.96174 0.73712 0.47774 0.75738 0.77505 0.39156 0.6732 0.53659 0.85456 1.1615 0.70088 0.46455 0.82734 0.56818 1.2968 1.2404 0.91115 0.56267 0.53141 0.89372 0.66565 0.53666 0.95152 0.64678
0.57701 0.70457 0.84772 0.66821 0 1.0015 0.70601 0.6109 0.70285 0.80246 0.58824 0.3515 0.57241 0.78187 0.59132 0.83983 0.45475 0.94584 0.49026 0.58472 0.35621 1.1554 0.41853 0.75436 0.97292 0.9595 0.16328 0.42531 0.19048 0.79362 0.43408 0.96519 0.6681 0.83488 0.65511 0.51421 0.72402 0.61361 0.50504 0.64483 0.87476 0.66177 0.68902 0.5454 0.80761 0.42689 0.24515 0.48083 0.173 0.49504 0.78343 0.29385 0.77056 0.91773 0.64771 0.4673 0.6022 0.88405 0.52143 0.83596 0.85382 0.69263 0.6841 0.53048 0.49482 0.37315 0.78358 1.0902 0.76182 0.63282 0.35053 0.53951 0.76993 0.60494 0.48732 0.73918 0.84855 0.7439 0.61039 0.36583 0.63211 0.51443 0.60737 0.29965 0.86675 0.63252 0.41412 0.71881 0.80738 0.4834 1.034 0.92042 0.6987 0.51611 0.44123 0.74485 0.72471 0.56598 0.98091 0.78428
0.89218 1.1605 0.32341 0.91466 1.0015 0 0.81982 0.93563 1.113 0.94887 0.93708 1.271 1.3656 1.0268 1.0954 0.85642 0.85459 1.395 1.1239 1.0114 0.9783 0.46922 1.3116 1.3408 0.6218 0.77471 1.0582 0.95685 1.0981 0.77979 0.74559 0.81842 0.57297 0.97788 0.85308 1.1913 0.95749 0.66607 1.072 0.67651 1.2801 1.1032 0.72815 1.3166 0.27905 0.76185 0.81154 1.173 1.0698 1.2566 0.32934 1.0784 0.94888 0.90438 0.75964 0.7728 0.94201 0.66646 1.1971 0.51453 1.1294 0.53712 0.95589 0.86555 1.2648 1.2232 0.90263 0.98863 0.80677 0.97096 1.2962 0.49597 0.87665 0.70772 1.0967 0.50301 0.50713 0.65038 0.64151 0.97459 0.95757 0.84063 0.84954 0.78372 1.0998 1.0506 0.99713 0.70609 0.60592 0.78982 1.1553 1.0648 0.85066 1.1609 1.0831 0.82976 0.58339 0.49443 0.50034 0.56592
0.96266 0.97039 0.79446 1.0719 0.70601 0.81982 0 0.57544 0.84625 1.112 0.7221 0.96493 0.80608 0.95446 0.53461 0.96552 0.81712 1.2004 1.1216 1.0766 0.94948 0.85569 0.7689 1.0815 1.021 0.88477 0.72362 0.88186 0.74156 0.74462 0.753 1.0032 0.85172 0.3296 0.94785 1.1812 1.0369 0.89257 0.91951 0.66188 1.0082 0.72549 0.9146 1.0262 0.57611 0.50702 0.50152 0.50869 0.87184 0.65456 0.54625 0.57314 0.83668 0.98557 0.49151 0.43125 0.95814 1.0568 0.62985 0.67618 1.3456 0.28762 0.2401 0.47466 1.1836 1.0293 0.97639 0.75184 1.0482 0.25896 0.96881 0.50333 1.0667 0.4732 0.7815 0.70801 0.45642 0.92974 0.69378 0.76709 1.059 0.77592 0.71267 0.73589 0.76708 0.32284 0.561 0.76326 0.58113 0.84318 0.98652 0.84948 0.33744 1.1442 0.814 1.0762 0.55632 0.6164 0.97515 0.92683
0.94712 0.44304 0.98133 0.84087 0.6109 0.93563 0.57544 0 0.4291 0.79419 0.57893 0.80997 0.61602 0.449 0.63461 0.67241 0.53154 0.63016 1.0172 0.83451 0.88522 0.823 0.72644 0.54601 0.86199 0.67085 0.67815 0.66479 0.52758 0.46733 0.59426 0.75029 0.97055 0.67579 0.99586 1.0189 0.57498 0.70396 0.5449 0.86726 0.53399 0.34883 0.8875 0.59935 0.79839 0.72508 0.50824 0.55504 0.71078 0.50042 0.75254 0.62972 0.31183 0.64123 0.47722 0.2404 0.83428 0.77622 0.38593 1.0043 0.96769 0.57703 0.55474 0.41023 1.0131 0.85268 0.50635 0.5492 0.87891 0.68384 0.69901 0.61776 0.70372 0.83898 0.81202 0.94064 0.5393 0.69992 0.46296 0.47525 0.79978 0.72392 0.22887 0.72545 0.51377 0.56604 0.37146 0.603 0.40413 0.9128 0.66363 0.59822 0.376 0.82679 0.49627 1.0358 0.59933 0.55481 0.86362 0.69145
0.85904 0.27354 1.1536 0.67794 0.70285 1.113 0.84625 0.4291 0 0.57673 0.93422 0.71513 0.54548 0.65741 0.60678 0.96903 0.74241 0.55734 0.98227 0.66551 0.91041 1.0604 0.72748 0.45386 0.78235 0.55155 0.69546 0.87076 0.64238 0.82777 0.56192 1.0584 1.1049 1.043 1.2267 0.97916 0.57454 0.8884 0.33611 1.1437 0.79801 0.71063 0.79482 0.63992 0.98785 0.83442 0.71576 0.68377 0.74708 0.58109 0.91193 0.70171 0.38789 0.93999 0.87228 0.50392 0.65041 0.91112 0.61848 1.1445 0.932 0.82345 0.71705 0.42566 0.9556 0.75202 0.61903 0.90127 1.1058 0.95585 0.70153 0.85339 0.58044 1.0368 0.69622 1.0397 0.81873 0.91118 0.48812 0.70074 0.97937 0.60977 0.40956 0.80366 0.30279 0.8802 0.37825 0.495 0.62763 0.94949 1.0305 0.99748 0.54941 0.81349 0.30546 1.2361 0.63161 0.66791 1.1137 0.8453
0.61428 0.57636 0.97721 0.2449 0.80246 0.94887 1.112 0.79419 0.57673 0 1.0696 0.81179 0.98009 0.79591 0.93345 0.96417 0.7411 0.83274 0.78246 0.34136 0.76406 1.0394 1.0273 0.76844 0.44236 0.52331 0.80857 0.86432 0.83631 0.945 0.4331 1.0402 0.90128 1.3379 1.118 0.78555 0.47057 0.7227 0.42607 1.1277 1.0873 1.0272 0.50274 0.86074 0.92538 0.87899 0.8343 1.0586 0.7601 1.0065 0.8651 0.93526 0.62526 0.97989 1.045 0.74363 0.42162 0.67099 1.0281 1.0565 0.60179 0.94357 1.0533 0.70893 0.81871 0.73036 0.60994 1.1943 0.94768 1.2207 0.86865 0.84658 0.19578 1.0824 0.79068 0.9026 0.94112 0.76129 0.4465 0.81799 0.85825 0.51628 0.60827 0.71404 0.74962 1.2141 0.72461 0.41406 0.76082 0.77747 1.2485 1.218 0.89023 0.67534 0.54661 1.0413 0.66597 0.58667 0.9595 0.64074
1.0322 0.84121 0.87515 1.0143 0.58824 0.93708 0.7221 0.57893 0.93422 1.0696 0 0.90777 0.92512 0.56767 0.96278 0.4285 0.35978 0.94935 0.93472 0.98599 0.78325 0.92772 0.8695 0.85392 1.1185 1.0949 0.74021 0.35485 0.53551 0.40466 0.76564 0.53146 0.81082 0.63722 0.58256 0.92555 0.74455 0.51713 0.84487 0.54873 0.58416 0.388 1.0487 0.66966 0.82202 0.76144 0.46762 0.7507 0.65946 0.754 0.84496 0.7416 0.74177 0.50931 0.28922 0.53942 1.0537 0.74386 0.57467 0.98333 0.93978 0.69412 0.8439 0.80107 0.9461 0.91193 0.67024 0.76319 0.52335 0.68171 0.72361 0.54593 0.9329 0.75937 1.0249 0.94403 0.71596 0.54003 0.75217 0.325 0.49463 0.94918 0.5972 0.67213 1.0704 0.59483 0.73435 0.95415 0.72206 0.86337 0.5454 0.40735 0.79141 0.76008 0.82866 0.65501 0.90649 0.69003 0.69986 0.6718
0.59899 0.73595 1.1183 0.67425 0.3515 1.271 0.96493 0.80997 0.71513 0.81179 0.90777 0 0.50646 0.97239 0.63875 1.1193 0.72174 0.97285 0.47602 0.54363 0.46788 1.4312 0.36809 0.75736 1.0943 1.0658 0.26598 0.69343 0.38894 1.0842 0.57305 1.2546 0.91371 1.1277 0.94687 0.47772 0.84522 0.88088 0.48327 0.97717 1.0529 0.89418 0.76174 0.58073 1.0823 0.65156 0.57961 0.60291 0.30417 0.55817 1.0386 0.42355 0.91668 1.183 0.97894 0.71657 0.56859 1.1067 0.68205 1.0727 0.91583 0.9738 0.86451 0.66619 0.39398 0.16247 0.95933 1.3456 1.0365 0.89385 0.30561 0.8545 0.84423 0.87736 0.41944 0.95591 1.1275 1.012 0.78719 0.63001 0.86144 0.55931 0.79652 0.53317 0.9078 0.8885 0.52104 0.82624 1.0449 0.63788 1.2961 1.2054 0.8876 0.54896 0.41762 1.01 0.89967 0.80321 1.2747 1.0253
0.94288 0.64452 1.2953 0.95301 0.57241 1.3656 0.80608 0.61602 0.54548 0.98009 0.92512 0.50646 0 0.92396 0.44689 1.1691 0.8571 0.83795 0.94886 0.86728 0.87789 1.3891 0.28932 0.63969 1.2019 1.0184 0.51646 0.88719 0.48704 1.0329 0.76365 1.2874 1.1829 0.94287 1.2075 0.95012 0.93266 1.0753 0.58203 1.123 0.89844 0.72942 1.0037 0.59785 1.1525 0.78219 0.66547 0.34683 0.65292 0.20339 1.0921 0.43453 0.80107 1.1786 0.92032 0.62897 0.82883 1.2451 0.41155 1.2091 1.1909 0.92731 0.63855 0.54341 0.87913 0.64652 0.97841 1.1147 1.2454 0.7711 0.50391 0.94813 0.9916 0.97292 0.57964 1.1341 1.0385 1.1523 0.83054 0.71419 1.0871 0.74897 0.72923 0.81763 0.64918 0.68713 0.37403 0.86337 0.94851 0.96603 1.1639 1.0848 0.66713 0.88167 0.43781 1.2983 0.88699 0.90095 1.3782 1.1556
1.0915 0.46254 1.0939 0.86962 0.78187 1.0268 0.95446 0.449 0.65741 0.79591 0.56767 0.97239 0.92396 0 1.0382 0.40623 0.43773 0.47616 1.0543 0.86861 0.95523 0.86674 1.0155 0.49632 0.92074 0.83662 0.90103 0.58359 0.67585 0.37915 0.73566 0.50394 1.0576 0.97887 0.98614 1.0128 0.35593 0.59221 0.64116 0.9831 0.34412 0.41264 1.0372 0.55179 0.99135 1.0011 0.72933 0.92599 0.79734 0.8305 0.97334 0.94153 0.33719 0.3424 0.61799 0.57899 0.98962 0.56556 0.66883 1.2304 0.71098 0.87378 0.98589 0.79095 1.0293 0.95632 0.22603 0.6592 0.69192 1.0315 0.77591 0.78787 0.6293 1.102 1.1032 1.1423 0.77001 0.52668 0.61382 0.4684 0.59145 0.94465 0.33479 0.85925 0.85037 0.9098 0.72613 0.80216 0.60297 1.0546 0.48626 0.5083 0.80178 0.71118 0.69945 0.94402 0.88357 0.71268 0.73749 0.56127
0.76743 0.80874 1.0267 0.88463 0.59132 1.0954 0.53461 0.63461 0.60678 0.93345 0.96278 0.63875 0.44689 1.0382 0 1.1954 0.90002 1.0861 0.94853 0.84952 0.83687 1.189 0.44346 0.91671 1.004 0.83313 0.49703 0.95518 0.62992 1.0172 0.63825 1.2807 0.9742 0.79534 1.1327 1.0055 1.004 1.0271 0.67341 0.95505 1.1047 0.86536 0.77556 0.8936 0.85312 0.50769 0.56897 0.33981 0.72396 0.43785 0.77974 0.35135 0.84052 1.2158 0.84586 0.52062 0.68862 1.1933 0.60014 0.86635 1.2793 0.64219 0.32559 0.305 0.96914 0.74233 1.0305 1.0695 1.2321 0.56689 0.75935 0.74469 0.9703 0.68662 0.38292 0.81768 0.81105 1.1078 0.688 0.81317 1.149 0.54008 0.74106 0.69511 0.55089 0.59483 0.32378 0.65932 0.78659 0.78125 1.2559 1.1477 0.4319 1.0184 0.5221 1.2392 0.58235 0.70215 1.2611 1.0737
1.1183 0.81878 0.90262 0.97163 0.83983 0.85642 0.96552 0.67241 0.96903 0.96417 0.4285 1.1193 1.1691 0.40623 1.1954 0 0.40299 0.87547 1.0584 0.98799 0.93457 0.75142 1.1716 0.86736 0.97327 1.0001 0.98796 0.50254 0.79329 0.27863 0.81249 0.15604 0.88971 0.93431 0.74005 1.033 0.56978 0.41476 0.88514 0.76565 0.59045 0.56674 1.069 0.79537 0.86879 0.98544 0.7285 1.065 0.85859 1.0337 0.89356 1.0377 0.64884 0.15238 0.50885 0.68549 1.1035 0.43744 0.85568 1.1075 0.75861 0.83137 1.0832 0.94687 1.0824 1.0776 0.44454 0.72856 0.39331 1.0192 0.9391 0.67285 0.78159 1.0046 1.2265 1.0432 0.73299 0.30334 0.71786 0.51679 0.43532 1.0409 0.56834 0.82992 1.1233 0.9409 0.91817 0.93183 0.67004 1.0008 0.46903 0.44004 0.93658 0.78934 0.93701 0.67581 0.94779 0.70333 0.44258 0.43712
0.78098 0.6208 0.79595 0.68283 0.45475 0.85459 0.81712 0.53154 0.74241 0.7411 0.35978 0.72174 0.8571 0.43773 0.90002 0.40299 0 0.78168 0.6861 0.65715 0.56164 0.90366 0.81757 0.6765 0.86207 0.88959 0.60298 0.18301 0.42847 0.45051 0.49811 0.54035 0.68113 0.86965 0.57449 0.66434 0.43898 0.27599 0.56744 0.62681 0.62341 0.49804 0.79259 0.52162 0.77109 0.6877 0.41469 0.77939 0.45681 0.74657 0.77231 0.6932 0.57368 0.49375 0.48341 0.47076 0.77442 0.50879 0.62968 0.93308 0.60195 0.70786 0.87727 0.6901 0.70006 0.67779 0.43761 0.87312 0.3997 0.82484 0.57182 0.49854 0.60361 0.78179 0.8629 0.83558 0.72793 0.34751 0.52494 0.18376 0.27527 0.71732 0.42256 0.4805 0.9391 0.7711 0.61932 0.72595 0.6474 0.67736 0.70641 0.62599 0.77423 0.45455 0.60556 0.5571 0.7676 0.50428 0.6283 0.44428
1.2314 0.32344 1.4542 0.95817 0.94584 1.395 1.2004 0.63016 0.55734 0.83274 0.94935 0.97285 0.83795 0.47616 1.0861 0.87547 0.78168 0 1.1881 0.92601 1.1417 1.2373 1.0271 0.2235 1.101 0.93663 1.0109 0.8945 0.80363 0.82969 0.90954 0.97567 1.3834 1.2688 1.3525 1.1261 0.53467 0.97318 0.61419 1.3605 0.52079 0.66538 1.1971 0.52476 1.3299 1.2261 0.98536 1.0072 0.93426 0.84003 1.2832 1.0528 0.47406 0.8096 1.0038 0.81355 1.0549 0.9365 0.7557 1.5355 0.84837 1.1766 1.1365 0.90181 1.1038 0.98248 0.54659 0.9429 1.1015 1.2704 0.78865 1.134 0.74025 1.3934 1.1501 1.4276 1.1009 0.94728 0.82718 0.74328 0.9319 1.0544 0.56942 1.093 0.79654 1.129 0.79239 0.93255 0.89123 1.2798 0.84651 0.89387 0.95918 0.81944 0.67627 1.3183 1.0821 0.99564 1.1825 0.93998
0.42631 0.9522 0.91623 0.55747 0.49026 1.1239 1.1216 1.0172 0.98227 0.78246 0.93472 0.47602 0.94886 1.0543 0.94853 1.0584 0.6861 1.1881 0 0.45453 0.1857 1.3899 0.78041 1.0127 1.0091 1.1364 0.49363 0.62298 0.61758 1.1118 0.55726 1.1805 0.64935 1.279 0.70336 0.13038 0.85064 0.70619 0.67163 0.85013 1.2244 1.0798 0.63624 0.8105 0.99865 0.67774 0.6558 0.94063 0.36038 0.94354 0.98478 0.70484 1.0604 1.1641 1.0342 0.86742 0.55518 0.95382 0.99269 0.95391 0.73023 1.0228 1.1028 0.88377 0.1953 0.33684 0.97991 1.4863 0.82098 1.0611 0.59711 0.79516 0.79695 0.85317 0.64529 0.81379 1.1733 0.86698 0.81735 0.70076 0.6936 0.59883 0.91978 0.40959 1.1804 1.1055 0.8099 0.87643 1.1167 0.41568 1.3845 1.2906 1.0993 0.44623 0.69696 0.70568 0.95705 0.76103 1.1118 0.88828
0.38545 0.65647 0.92728 0.1508 0.58472 1.0114 1.0766 0.83451 0.66551 0.34136 0.98599 0.54363 0.86728 0.86861 0.84952 0.98799 0.65715 0.92601 0.45453 0 0.47151 1.1947 0.83162 0.78938 0.66677 0.76745 0.5746 0.71374 0.657 0.99735 0.339 1.0949 0.75876 1.2908 0.93749 0.46319 0.57324 0.67032 0.37258 0.99605 1.11 1.0079 0.43124 0.75023 0.92752 0.72515 0.69281 0.93588 0.49988 0.89771 0.8799 0.75342 0.77192 1.0458 1.0152 0.73127 0.26889 0.77079 0.94863 0.97855 0.57079 0.94032 1.0172 0.69755 0.49134 0.42701 0.7326 1.3103 0.87408 1.1148 0.65365 0.78229 0.41365 0.94876 0.6003 0.81585 1.0198 0.7774 0.54077 0.70384 0.74738 0.39724 0.68525 0.50169 0.87128 1.1282 0.66034 0.5475 0.88842 0.55196 1.2959 1.2355 0.92607 0.46315 0.46508 0.88923 0.73287 0.59481 1.0215 0.71742
0.3903 0.89363 0.7675 0.55129 0.35621 0.9783 0.94948 0.88522 0.91041 0.76406 0.78325 0.46788 0.87789 0.95523 0.83687 0.93457 0.56164 1.1417 0.1857 0.47151 0 1.2402 0.70352 0.96789 0.93321 1.0437 0.38654 0.50458 0.50993 0.96529 0.45012 1.0511 0.50912 1.1016 0.56708 0.26649 0.78928 0.58234 0.62927 0.67363 1.1228 0.94927 0.57124 0.76345 0.83531 0.51621 0.48339 0.81473 0.27203 0.83961 0.82593 0.58126 0.95961 1.042 0.86177 0.71574 0.53036 0.85914 0.87113 0.80297 0.7466 0.84888 0.95144 0.75588 0.3175 0.36529 0.89041 1.3335 0.7119 0.89123 0.56087 0.61686 0.75467 0.67984 0.58076 0.67183 1.0072 0.74685 0.69947 0.57656 0.6093 0.51749 0.80288 0.23443 1.0868 0.94176 0.69493 0.78018 0.97086 0.28852 1.2517 1.1462 0.95206 0.45935 0.63428 0.5997 0.8235 0.61541 0.97776 0.77507
1.1975 1.0801 0.75211 1.1012 1.1554 0.46922 0.85569 0.823 1.0604 1.0394 0.92772 1.4312 1.3891 0.86674 1.189 0.75142 0.90366 1.2373 1.3899 1.1947 1.2402 0 1.4196 1.248 0.73753 0.73025 1.2343 1.0505 1.1791 0.60465 0.92112 0.66441 0.95413 0.94035 1.1012 1.4259 0.91439 0.79245 1.1248 0.91799 1.0912 0.97578 1.0175 1.3031 0.59281 1.0146 0.95021 1.2245 1.2371 1.2667 0.60329 1.2186 0.79043 0.71898 0.7155 0.77652 1.1612 0.66665 1.1542 0.90087 1.2074 0.63714 0.99043 0.91924 1.4834 1.4071 0.78273 0.64724 0.91463 1.0582 1.3813 0.70089 0.92206 0.98044 1.3017 0.89495 0.40522 0.68825 0.69712 1.0079 1.0433 1.0571 0.76129 1.0364 1.0203 1.0568 1.0398 0.79683 0.45061 1.1222 0.90363 0.86078 0.80894 1.2833 1.1409 1.0701 0.70285 0.66491 0.50288 0.60691
0.81698 0.8073 1.1762 0.93093 0.41853 1.3116 0.7689 0.72644 0.72748 1.0273 0.8695 0.36809 0.28932 1.0155 0.44346 1.1716 0.81757 1.0271 0.78041 0.83162 0.70352 1.4196 0 0.81334 1.2284 1.1152 0.33226 0.79912 0.40341 1.065 0.72158 1.2949 1.0268 0.90232 1.0344 0.80102 0.99996 1.0135 0.65137 0.96508 1.0107 0.79742 0.93316 0.65661 1.0776 0.62547 0.54954 0.29937 0.5099 0.29684 1.0313 0.24759 0.93793 1.2166 0.88922 0.65011 0.78223 1.2476 0.48439 1.0721 1.1846 0.88383 0.64022 0.58496 0.72862 0.52015 1.0565 1.2227 1.165 0.66207 0.43873 0.85581 1.0403 0.8069 0.45943 1.0028 1.0545 1.1233 0.86002 0.67538 1.0185 0.69032 0.81738 0.66825 0.83376 0.63597 0.43151 0.90367 1.0115 0.79377 1.2328 1.1249 0.73634 0.82324 0.51229 1.1538 0.89343 0.86555 1.3474 1.1464
1.0742 0.23122 1.3558 0.84731 0.75436 1.3408 1.0815 0.54601 0.45386 0.76844 0.85392 0.75736 0.63969 0.49632 0.91671 0.86736 0.6765 0.2235 1.0127 0.78938 0.96789 1.248 0.81334 0 1.0665 0.91382 0.8088 0.76752 0.608 0.81449 0.77435 0.98817 1.2566 1.1658 1.2258 0.9544 0.51414 0.89606 0.45452 1.2351 0.53218 0.59013 1.073 0.34093 1.2395 1.0622 0.82602 0.82569 0.74242 0.65247 1.191 0.85566 0.4754 0.8342 0.92111 0.695 0.90943 0.93194 0.59818 1.4106 0.80568 1.0763 1.0022 0.76458 0.91938 0.78018 0.56355 0.97066 1.0376 1.1223 0.57592 1.0209 0.69803 1.244 0.9592 1.3005 1.0507 0.90756 0.74614 0.60493 0.84797 0.90307 0.50653 0.93146 0.72577 0.9913 0.62381 0.84913 0.86009 1.1193 0.87799 0.88506 0.85916 0.67657 0.49439 1.2149 0.98868 0.89722 1.1678 0.91034
0.71803 0.84576 0.7547 0.52629 0.97292 0.6218 1.021 0.86199 0.78235 0.44236 1.1185 1.0943 1.2019 0.92074 1.004 0.97327 0.86207 1.101 1.0091 0.66677 0.93321 0.73753 1.2284 1.0665 0 0.35954 0.9879 1.0067 1.0418 0.90892 0.54712 0.98894 0.81148 1.2637 1.1259 1.0522 0.68569 0.74142 0.74869 1.0501 1.2347 1.1307 0.48566 1.154 0.67726 0.86433 0.89362 1.1694 0.98765 1.1786 0.6194 1.062 0.72263 0.98238 0.99975 0.76572 0.61136 0.62076 1.1744 0.85129 0.8714 0.7832 1.0178 0.74407 1.1097 1.0281 0.71932 1.1001 0.96874 1.1904 1.1593 0.74725 0.45176 0.99174 0.93595 0.72939 0.73541 0.73716 0.42455 0.97438 0.99051 0.61098 0.69839 0.79624 0.81083 1.2221 0.85947 0.3532 0.61187 0.81497 1.2699 1.2269 0.83961 0.98154 0.81222 1.0521 0.49593 0.48822 0.7864 0.56513
0.85456 0.68465 0.92964 0.66868 0.9595 0.77471 0.88477 0.67085 0.55155 0.52331 1.0949 1.0658 1.0184 0.83662 0.83313 1.0001 0.88959 0.93663 1.1364 0.76745 1.0437 0.73025 1.1152 0.91382 0.35954 0 0.9613 1.0528 0.98403 0.85272 0.59456 1.0221 0.99613 1.1342 1.2601 1.1707 0.68649 0.86892 0.67494 1.1284 1.0985 0.99415 0.64822 1.0705 0.7506 0.87349 0.86954 1.0121 1.0114 1.0037 0.66758 0.97747 0.54162 0.96916 0.93861 0.63969 0.6797 0.76816 1.0069 0.95446 1.0147 0.71917 0.83298 0.57098 1.1975 1.0486 0.68463 0.90561 1.1074 1.0861 1.1096 0.79123 0.53352 1.0167 0.88773 0.85981 0.6381 0.84983 0.3848 0.94902 1.0914 0.63272 0.56808 0.87925 0.49485 1.0814 0.70062 0.27684 0.46335 0.95065 1.1665 1.1323 0.6174 1.0543 0.69792 1.2294 0.40755 0.53857 0.91931 0.69981
0.52126 0.74701 0.89703 0.66517 0.16328 1.0582 0.72362 0.67815 0.69546 0.80857 0.74021 0.26598 0.51646 0.90103 0.49703 0.98796 0.60298 1.0109 0.49363 0.5746 0.38654 1.2343 0.33226 0.8088 0.9879 0.9613 0 0.5849 0.29673 0.92216 0.44865 1.1085 0.71781 0.89505 0.77303 0.53796 0.81388 0.74114 0.51098 0.73876 0.99431 0.77826 0.65387 0.6316 0.84656 0.40005 0.34003 0.45092 0.25216 0.4825 0.80907 0.21734 0.83878 1.0585 0.76586 0.52686 0.53891 0.99418 0.57803 0.83576 0.9431 0.72921 0.65732 0.50192 0.50089 0.32445 0.88824 1.179 0.90673 0.65128 0.39537 0.61648 0.81474 0.6163 0.33859 0.73679 0.90875 0.87319 0.64904 0.51806 0.78078 0.44904 0.68756 0.34417 0.83585 0.67521 0.39269 0.70948 0.86796 0.47476 1.1699 1.0568 0.7014 0.60324 0.41819 0.8678 0.7155 0.61444 1.0998 0.88979
0.80426 0.74916 0.84202 0.76504 0.42531 0.95685 0.88186 0.66479 0.87076 0.86432 0.35485 0.69343 0.88719 0.58359 0.95518 0.50254 0.18301 0.8945 0.62298 0.71374 0.50458 1.0505 0.79912 0.76752 1.0067 1.0528 0.5849 0 0.40999 0.58502 0.59085 0.64337 0.6809 0.90562 0.47568 0.5933 0.59026 0.35911 0.6612 0.59693 0.70306 0.57094 0.86618 0.5339 0.85596 0.70557 0.43368 0.79754 0.40384 0.77361 0.86774 0.68984 0.74326 0.61582 0.55209 0.58715 0.83996 0.64594 0.66554 0.96999 0.65319 0.79932 0.94747 0.79194 0.62616 0.64676 0.60852 1.0081 0.39781 0.83574 0.52948 0.5633 0.74395 0.78493 0.8858 0.87806 0.85928 0.46496 0.6767 0.21052 0.23882 0.78719 0.58956 0.47772 1.0742 0.79186 0.6993 0.86428 0.80933 0.66682 0.79079 0.69755 0.88813 0.42682 0.6861 0.48604 0.89204 0.62529 0.73214 0.58765
0.73539 0.60284 0.98277 0.74626 0.19048 1.0981 0.74156 0.52758 0.64238 0.83631 0.53551 0.38894 0.48704 0.67585 0.62992 0.79329 0.42847 0.80363 0.61758 0.657 0.50993 1.1791 0.40341 0.608 1.0418 0.98403 0.29673 0.40999 0 0.74154 0.52781 0.92908 0.8244 0.82685 0.75229 0.60542 0.67479 0.65645 0.47592 0.74968 0.71797 0.52502 0.82476 0.37769 0.91654 0.58231 0.33088 0.45073 0.25746 0.39618 0.89002 0.36071 0.69466 0.85241 0.62941 0.45973 0.71072 0.89872 0.38206 0.98852 0.84747 0.76131 0.70897 0.5589 0.57015 0.4377 0.72217 1.0175 0.78797 0.67261 0.24079 0.63638 0.78304 0.74375 0.60115 0.89779 0.87586 0.7599 0.64833 0.28068 0.62497 0.63446 0.54782 0.46773 0.83485 0.61023 0.39604 0.77656 0.80709 0.66534 0.92309 0.82334 0.69848 0.50578 0.41252 0.83 0.80141 0.65015 1.0146 0.81332
1.0952 0.73722 0.86376 0.97453 0.79362 0.77979 0.74462 0.46733 0.82777 0.945 0.40466 1.0842 1.0329 0.37915 1.0172 0.27863 0.45051 0.82969 1.1118 0.99735 0.96529 0.60465 1.065 0.81449 0.90892 0.85272 0.92216 0.58502 0.74154 0 0.75468 0.30275 0.89788 0.72216 0.82534 1.1061 0.59737 0.51256 0.82997 0.73548 0.53255 0.42756 1.0197 0.79231 0.7471 0.87825 0.63393 0.90091 0.8619 0.88476 0.75596 0.91985 0.50874 0.24553 0.33118 0.50151 1.0541 0.53736 0.70462 1.0107 0.91048 0.63787 0.86193 0.76644 1.1404 1.0752 0.44148 0.47323 0.58949 0.8396 0.92698 0.57448 0.78251 0.89329 1.1238 0.96575 0.50737 0.42195 0.60368 0.50958 0.61735 0.9567 0.42776 0.8083 0.92409 0.74804 0.76407 0.80848 0.45115 0.98642 0.39277 0.32584 0.70126 0.88408 0.84524 0.81855 0.78042 0.60365 0.50171 0.48294
0.37514 0.60864 0.67748 0.32389 0.43408 0.74559 0.753 0.59426 0.56192 0.4331 0.76564 0.57305 0.76365 0.73566 0.63825 0.81249 0.49811 0.90954 0.55726 0.339 0.45012 0.92112 0.72158 0.77435 0.54712 0.59456 0.44865 0.59085 0.52781 0.75468 0 0.90246 0.56828 0.97777 0.77931 0.60291 0.53597 0.50826 0.37668 0.73685 0.97151 0.80434 0.3313 0.73038 0.61844 0.45671 0.42578 0.72267 0.45274 0.73151 0.56637 0.56225 0.60854 0.86716 0.72411 0.43315 0.30528 0.64805 0.7551 0.71008 0.70812 0.60152 0.72483 0.42848 0.63473 0.52021 0.61791 1.0393 0.74775 0.82026 0.64771 0.46988 0.42895 0.66293 0.50121 0.56603 0.69505 0.60786 0.27253 0.54491 0.67755 0.2368 0.4769 0.3117 0.69945 0.84575 0.44629 0.33566 0.59779 0.41961 1.0919 1.0075 0.6287 0.5718 0.39327 0.7762 0.43569 0.27679 0.81053 0.54436
1.2073 0.92388 0.90646 1.0612 0.96519 0.81842 1.0032 0.75029 1.0584 1.0402 0.53146 1.2546 1.2874 0.50394 1.2807 0.15604 0.54035 0.97567 1.1805 1.0949 1.0511 0.66441 1.2949 0.98817 0.98894 1.0221 1.1085 0.64337 0.92908 0.30275 0.90246 0 0.93832 0.96197 0.81317 1.1634 0.66781 0.49864 1.0016 0.80941 0.68593 0.66663 1.1338 0.94271 0.8682 1.0609 0.82815 1.1657 0.99399 1.1468 0.90069 1.1466 0.7146 0.17538 0.55336 0.76245 1.1947 0.45309 0.96564 1.1272 0.86268 0.85209 1.1397 1.0215 1.2189 1.2126 0.52231 0.7002 0.46676 1.0795 1.0866 0.71879 0.85556 1.0552 1.3288 1.0768 0.71815 0.35704 0.77666 0.65825 0.56616 1.126 0.65174 0.92958 1.1837 1.0088 1.0177 0.98324 0.67596 1.0859 0.48361 0.46893 0.98359 0.9315 1.0523 0.74235 0.98155 0.75395 0.37257 0.46281
0.54156 1.1247 0.28899 0.73027 0.6681 0.57297 0.85172 0.97055 1.1049 0.90128 0.81082 0.91371 1.1829 1.0576 0.9742 0.88971 0.68113 1.3834 0.64935 0.75876 0.50912 0.95413 1.0268 1.2566 0.81148 0.99613 0.71781 0.6809 0.8244 0.89788 0.56828 0.93832 0 1.0049 0.44931 0.73802 0.93185 0.5234 0.91954 0.41732 1.273 1.0674 0.55496 1.1087 0.47655 0.48857 0.57298 1.0001 0.69459 1.0902 0.5167 0.80803 1.0454 1.0036 0.7742 0.75355 0.72306 0.75861 1.0738 0.4247 0.95012 0.649 0.95028 0.832 0.81793 0.84219 0.95956 1.2482 0.63899 0.85729 0.9812 0.40326 0.86029 0.47984 0.82162 0.32724 0.7983 0.64777 0.69103 0.7727 0.72271 0.64457 0.88564 0.38984 1.1876 0.96724 0.88125 0.77328 0.85623 0.32244 1.2527 1.1318 0.93891 0.84059 0.92185 0.47572 0.70787 0.49563 0.71151 0.65068
1.2083 1.1056 0.95159 1.2988 0.83488 0.97788 0.3296 0.67579 1.043 1.3379 0.63722 1.1277 0.94287 0.97887 0.79534 0.93431 0.86965 1.2688 1.279 1.2908 1.1016 0.94035 0.90232 1.1658 1.2637 1.1342 0.89505 0.90562 0.82685 0.72216 0.97777 0.96197 1.0049 0 0.96097 1.3205 1.1547 0.97206 1.1072 0.68636 0.94544 0.66803 1.1835 1.0719 0.77288 0.73986 0.63239 0.63183 0.99576 0.7525 0.77832 0.74452 0.95713 0.95148 0.43365 0.6031 1.2209 1.1506 0.6482 0.89012 1.457 0.51825 0.513 0.74316 1.3216 1.1964 1.0612 0.69919 1.0597 0.3208 1.0548 0.65116 1.2557 0.64356 1.0395 0.94015 0.59922 0.98867 0.91195 0.80118 1.0831 1.0483 0.83734 0.91066 1.0003 0.27233 0.76791 1.0312 0.73981 1.0447 0.85384 0.70365 0.58564 1.2474 1.0112 1.1084 0.84666 0.83115 1.0144 1.0358
0.83985 1.1681 0.62594 0.95858 0.65511 0.85308 0.94785 0.99586 1.2267 1.118 0.58256 0.94687 1.2075 0.98614 1.1327 0.74005 0.57449 1.3525 0.70336 0.93749 0.56708 1.1012 1.0344 1.2258 1.1259 1.2601 0.77303 0.47568 0.75229 0.82534 0.77931 0.81317 0.44931 0.96097 0 0.73637 0.96374 0.49725 1.018 0.33983 1.1186 0.93642 0.9152 0.9926 0.76427 0.69499 0.58862 1.0153 0.66281 1.0785 0.82064 0.85984 1.1061 0.88405 0.68774 0.83086 0.99516 0.81252 1.0008 0.7774 0.93953 0.8246 1.0795 1.0055 0.80508 0.88646 0.96752 1.2377 0.44126 0.8697 0.89566 0.54604 1.0225 0.64584 1.0225 0.7292 0.94321 0.61921 0.89235 0.63893 0.51931 0.92145 0.93654 0.53198 1.3652 0.92342 0.97939 1.0486 0.99883 0.59601 1.0783 0.95233 1.0815 0.77168 1.0225 0.22529 0.99689 0.73087 0.73259 0.73585
0.52967 0.91637 1.0008 0.57956 0.51421 1.1913 1.1812 1.0189 0.97916 0.78555 0.92555 0.47772 0.95012 1.0128 1.0055 1.033 0.66434 1.1261 0.13038 0.46319 0.26649 1.4259 0.80102 0.9544 1.0522 1.1707 0.53796 0.5933 0.60542 1.1061 0.60291 1.1634 0.73802 1.3205 0.73637 0 0.81065 0.70866 0.65455 0.91076 1.1738 1.0561 0.7209 0.74149 1.0774 0.76868 0.69743 0.97156 0.35598 0.94917 1.064 0.75259 1.0454 1.1363 1.0538 0.89502 0.61639 0.94596 0.9853 1.0594 0.65723 1.088 1.1606 0.92997 0.11644 0.32916 0.9482 1.4913 0.80637 1.119 0.54789 0.85538 0.7865 0.94464 0.71988 0.91855 1.2199 0.86243 0.8487 0.67492 0.64824 0.67258 0.91353 0.48419 1.2032 1.141 0.8355 0.92282 1.1459 0.52852 1.3538 1.2706 1.143 0.35155 0.69698 0.72081 1.0233 0.8141 1.1282 0.8949
0.8562 0.39073 1.0039 0.55698 0.72402 0.95749 1.0369 0.57498 0.57454 0.47057 0.74455 0.84522 0.93266 0.35593 1.004 0.56978 0.43898 0.53467 0.85064 0.57324 0.78928 0.91439 0.99996 0.51414 0.68569 0.68649 0.81388 0.59026 0.67479 0.59737 0.53597 0.66781 0.93185 1.1547 0.96374 0.81065 0 0.50735 0.44415 1.0032 0.66778 0.67871 0.79388 0.58475 0.94174 0.92845 0.72516 0.9816 0.68959 0.89377 0.91041 0.91795 0.37346 0.56656 0.78601 0.61377 0.73264 0.4428 0.81226 1.1467 0.44004 0.89738 1.0341 0.74443 0.84144 0.78409 0.19073 0.91367 0.67557 1.1226 0.73084 0.76681 0.29753 1.081 0.96162 1.0204 0.83484 0.48849 0.46594 0.52748 0.55408 0.74409 0.35881 0.7273 0.8104 1.0526 0.69698 0.61673 0.64067 0.88645 0.82749 0.82462 0.8482 0.52846 0.56773 0.88036 0.78355 0.59665 0.74504 0.44879
0.73967 0.79391 0.61263 0.6481 0.61361 0.66607 0.89257 0.70396 0.8884 0.7227 0.51713 0.88088 1.0753 0.59221 1.0271 0.41476 0.27599 0.97318 0.70619 0.67032 0.58234 0.79245 1.0135 0.89606 0.74142 0.86892 0.74114 0.35911 0.65645 0.51256 0.50826 0.49864 0.5234 0.97206 0.49725 0.70866 0.50735 0 0.70559 0.56977 0.84362 0.7285 0.71211 0.77985 0.65256 0.70953 0.5321 0.96881 0.60448 0.9709 0.67371 0.847 0.69193 0.53014 0.57102 0.59468 0.77576 0.3376 0.87184 0.82265 0.57888 0.70182 0.98533 0.79159 0.78183 0.80329 0.50348 0.95799 0.25125 0.93167 0.79849 0.44634 0.57993 0.76724 0.94888 0.71967 0.70701 0.1688 0.52264 0.45137 0.29703 0.73049 0.55454 0.4871 1.0522 0.92638 0.78154 0.71156 0.6558 0.6214 0.83694 0.76051 0.87211 0.5677 0.76455 0.40417 0.74531 0.44299 0.42908 0.26506
0.6341 0.31743 1.0415 0.43422 0.50504 1.072 0.91951 0.5449 0.33611 0.42607 0.84487 0.48327 0.58203 0.64116 0.67341 0.88514 0.56744 0.61419 0.67163 0.37258 0.62927 1.1248 0.65137 0.45452 0.74869 0.67494 0.51098 0.6612 0.47592 0.82997 0.37668 1.0016 0.91954 1.1072 1.018 0.65455 0.44415 0.70559 0 1.016 0.82559 0.73497 0.63771 0.49289 0.95288 0.7313 0.59854 0.70949 0.4817 0.61553 0.8933 0.61897 0.50221 0.90323 0.86142 0.52828 0.45516 0.7913 0.6546 1.0675 0.67151 0.85233 0.82788 0.50496 0.63606 0.46437 0.57004 1.0635 0.9143 0.97062 0.48586 0.7672 0.43158 0.95644 0.5848 0.93356 0.89756 0.77421 0.45573 0.54516 0.75486 0.46965 0.43948 0.58661 0.60232 0.92364 0.40678 0.50504 0.7294 0.73149 1.0679 1.02 0.70801 0.50109 0.16175 1.008 0.67735 0.58931 1.0323 0.73128
0.84028 1.1467 0.46551 0.99606 0.64483 0.67651 0.66188 0.86726 1.1437 1.1277 0.54873 0.97717 1.123 0.9831 0.95505 0.76565 0.62681 1.3605 0.85013 0.99605 0.67363 0.91799 0.96508 1.2351 1.0501 1.1284 0.73876 0.59693 0.74968 0.73548 0.73685 0.80941 0.41732 0.68636 0.33983 0.91076 1.0032 0.56977 1.016 0 1.1036 0.86354 0.86319 1.0499 0.52096 0.51818 0.47101 0.86241 0.73237 0.97178 0.58413 0.7468 1.0327 0.87884 0.50574 0.67396 0.97401 0.84919 0.89916 0.54393 1.1102 0.54784 0.8308 0.83703 0.96202 0.95754 0.97096 1.0539 0.60803 0.60731 0.9551 0.33811 1.0429 0.37672 0.93505 0.55204 0.6998 0.65897 0.79343 0.66455 0.70555 0.84578 0.86035 0.52319 1.2106 0.69911 0.85854 0.93383 0.81957 0.58906 1.0217 0.87281 0.85752 0.93545 0.98265 0.50119 0.80421 0.60471 0.69624 0.73562
1.314 0.61661 1.3208 1.1425 0.87476 1.2801 1.0082 0.53399 0.79801 1.0873 0.58416 1.0529 0.89844 0.34412 1.1047 0.59045 0.62341 0.52079 1.2244 1.11 1.1228 1.0912 1.0107 0.53218 1.2347 1.0985 0.99431 0.70306 0.71797 0.53255 0.97151 0.68593 1.273 0.94544 1.1186 1.1738 0.66778 0.84362 0.82559 1.1036 0 0.29818 1.2957 0.5398 1.2017 1.141 0.83753 0.90482 0.91051 0.78489 1.1871 0.98946 0.56607 0.52551 0.67852 0.71218 1.2197 0.88676 0.58073 1.4213 0.97461 1.0199 1.0336 0.92429 1.1647 1.0778 0.56842 0.67431 0.89217 1.037 0.79903 0.96842 0.94219 1.2226 1.2303 1.3549 0.93809 0.79876 0.87814 0.55802 0.77071 1.1552 0.56297 1.0392 0.97151 0.86461 0.81756 1.0579 0.81373 1.2514 0.38608 0.42786 0.89561 0.87778 0.83756 1.1244 1.1002 0.95898 0.98993 0.8716
1.1339 0.61219 1.1107 1.0418 0.66177 1.1032 0.72549 0.34883 0.71063 1.0272 0.388 0.89418 0.72942 0.41264 0.86536 0.56674 0.49804 0.66538 1.0798 1.0079 0.94927 0.97578 0.79742 0.59013 1.1307 0.99415 0.77826 0.57094 0.52502 0.42756 0.80434 0.66663 1.0674 0.66803 0.93642 1.0561 0.67871 0.7285 0.73497 0.86354 0.29818 0 1.1242 0.52023 0.977 0.88108 0.58309 0.64748 0.74341 0.57248 0.96278 0.73854 0.53386 0.54622 0.4322 0.47585 1.0675 0.85114 0.35018 1.172 1.0001 0.76595 0.76498 0.7045 1.0465 0.93702 0.58854 0.59032 0.80969 0.73905 0.67897 0.73322 0.90145 0.94661 1.016 1.1212 0.73438 0.71834 0.73004 0.39457 0.71221 0.9678 0.45267 0.832 0.84426 0.57101 0.60638 0.90949 0.65799 1.0423 0.44095 0.36483 0.66371 0.82614 0.70278 0.98895 0.89777 0.7694 0.89855 0.79073
0.25031 0.88918 0.63993 0.3545 0.68902 0.72815 0.9146 0.8875 0.79482 0.50274 1.0487 0.76174 1.0037 1.0372 0.77556 1.069 0.79259 1.1971 0.63624 0.43124 0.57124 1.0175 0.93316 1.073 0.48566 0.64822 0.65387 0.86618 0.82476 1.0197 0.3313 1.1338 0.55496 1.1835 0.9152 0.7209 0.79388 0.71211 0.63771 0.86319 1.2957 1.1242 0 1.0452 0.63294 0.54192 0.67638 0.95275 0.69435 0.99755 0.57633 0.76368 0.87838 1.1301 0.97548 0.70614 0.2617 0.80768 1.0566 0.63239 0.87606 0.72644 0.88288 0.62235 0.76986 0.69006 0.8834 1.2794 0.93931 0.99688 0.92287 0.62271 0.58031 0.72568 0.55978 0.47005 0.84193 0.81098 0.48071 0.86051 0.91815 0.25889 0.77245 0.47022 0.86143 1.0768 0.70221 0.40472 0.78419 0.40649 1.386 1.2982 0.81622 0.80448 0.65405 0.89872 0.48363 0.43435 0.94228 0.71085
0.98081 0.46519 1.2582 0.84376 0.5454 1.3166 1.0262 0.59935 0.63992 0.86074 0.66966 0.58073 0.59785 0.55179 0.8936 0.79537 0.52162 0.52476 0.8105 0.75023 0.76345 1.3031 0.65661 0.34093 1.154 1.0705 0.6316 0.5339 0.37769 0.79231 0.73038 0.94271 1.1087 1.0719 0.9926 0.74149 0.58475 0.77985 0.49289 1.0499 0.5398 0.52023 1.0452 0 1.1881 0.93558 0.66639 0.71967 0.51147 0.5666 1.1582 0.70535 0.64685 0.81661 0.81892 0.66904 0.89083 0.92874 0.49743 1.3147 0.75543 1.0348 0.97965 0.78367 0.69813 0.60212 0.64489 1.0535 0.87787 0.99371 0.30708 0.91598 0.78135 1.1001 0.88028 1.2093 1.0683 0.83582 0.78945 0.3999 0.65887 0.87151 0.57782 0.76934 0.90498 0.87479 0.60723 0.92673 0.93249 0.96706 0.86176 0.82634 0.90108 0.48363 0.50646 1.0082 1.0249 0.86835 1.1227 0.89272
0.75925 1.0696 0.27737 0.86011 0.80761 0.27905 0.57611 0.79839 0.98785 0.92538 0.82202 1.0823 1.1525 0.99135 0.85312 0.86879 0.77109 1.3299 0.99865 0.92752 0.83531 0.59281 1.0776 1.2395 0.67726 0.7506 0.84656 0.85596 0.91654 0.7471 0.61844 0.8682 0.47655 0.77288 0.76427 1.0774 0.94174 0.65256 0.95288 0.52096 1.2017 0.977 0.63294 1.1881 0 0.51084 0.60387 0.93012 0.906 1.0389 0.10201 0.83634 0.89116 0.92439 0.6246 0.59624 0.8198 0.75905 1.0039 0.31451 1.1453 0.30335 0.70934 0.66333 1.1332 1.0603 0.90036 0.93773 0.81971 0.7134 1.128 0.3067 0.87441 0.44753 0.87802 0.32171 0.40663 0.68444 0.55764 0.84698 0.92493 0.67854 0.7624 0.61524 0.96097 0.81752 0.79741 0.61792 0.54322 0.63086 1.1194 1.0024 0.65445 1.0781 0.92666 0.80757 0.42911 0.37459 0.63136 0.62829
0.50235 0.93804 0.5816 0.73943 0.42689 0.76185 0.50702 0.72508 0.83442 0.87899 0.76144 0.65156 0.78219 1.0011 0.50769 0.98544 0.6877 1.2261 0.67774 0.72515 0.51621 1.0146 0.62547 1.0622 0.86433 0.87349 0.40005 0.70557 0.58231 0.87825 0.45671 1.0609 0.48857 0.73986 0.69499 0.76868 0.92845 0.70953 0.7313 0.51818 1.141 0.88108 0.54192 0.93558 0.51084 0 0.32077 0.56576 0.55045 0.69614 0.48071 0.38455 0.90217 1.0603 0.66608 0.49148 0.59321 0.94892 0.74758 0.44913 1.0938 0.44344 0.52145 0.46517 0.78377 0.6678 0.95438 1.1013 0.8881 0.49142 0.76582 0.37459 0.87763 0.25827 0.44495 0.38678 0.68412 0.8262 0.58766 0.67088 0.87173 0.42732 0.73965 0.32232 0.86454 0.6173 0.51408 0.62825 0.73456 0.35914 1.1971 1.0624 0.5923 0.8555 0.64968 0.81186 0.505 0.44934 0.94845 0.8166
0.63635 0.74107 0.68291 0.72874 0.24515 0.81154 0.50152 0.50824 0.71576 0.8343 0.46762 0.57961 0.66547 0.72933 0.56897 0.7285 0.41469 0.98536 0.6558 0.69281 0.48339 0.95021 0.54954 0.82602 0.89362 0.86954 0.34003 0.43368 0.33088 0.63393 0.42578 0.82815 0.57298 0.63239 0.58862 0.69743 0.72516 0.5321 0.59854 0.47101 0.83753 0.58309 0.67638 0.66639 0.60387 0.32077 0 0.46679 0.39091 0.53461 0.58827 0.34333 0.7059 0.80191 0.43841 0.31205 0.66852 0.79485 0.50449 0.67607 0.92422 0.46494 0.54365 0.44773 0.70616 0.59915 0.73102 0.91207 0.69095 0.46539 0.55799 0.3258 0.7754 0.43578 0.57298 0.60749 0.62692 0.63799 0.51593 0.36206 0.63293 0.53209 0.52841 0.30557 0.81957 0.48213 0.40441 0.65026 0.63079 0.49154 0.91324 0.78254 0.54715 0.66608 0.53245 0.69491 0.58526 0.4236 0.81931 0.67545
0.90228 0.79088 1.0816 0.99838 0.48083 1.173 0.50869 0.55504 0.68377 1.0586 0.7507 0.60291 0.34683 0.92599 0.33981 1.065 0.77939 1.0072 0.94063 0.93588 0.81473 1.2245 0.29937 0.82569 1.1694 1.0121 0.45092 0.79754 0.45073 0.90091 0.72267 1.1657 1.0001 0.63183 1.0153 0.97156 0.9816 0.96881 0.70949 0.86241 0.90482 0.64748 0.95275 0.71967 0.93012 0.56576 0.46679 0 0.63224 0.20322 0.88468 0.25678 0.82899 1.0918 0.69356 0.4839 0.85963 1.1808 0.33458 0.97041 1.2504 0.6809 0.38663 0.45136 0.9256 0.72634 0.9857 0.98136 1.1247 0.42799 0.60131 0.73011 1.0429 0.69195 0.56339 0.93356 0.8373 1.0486 0.77582 0.64158 1.0218 0.71894 0.70855 0.69449 0.71503 0.36897 0.34509 0.83749 0.82606 0.83971 1.0644 0.94611 0.50589 0.93958 0.56269 1.147 0.76307 0.77223 1.2252 1.0685
0.55273 0.70776 0.90887 0.60635 0.173 1.0698 0.87184 0.71078 0.74708 0.7601 0.65946 0.30417 0.65292 0.79734 0.72396 0.85859 0.45681 0.93426 0.36038 0.49988 0.27203 1.2371 0.5099 0.74242 0.98765 1.0114 0.25216 0.40384 0.25746 0.8619 0.45274 0.99399 0.69459 0.99576 0.66281 0.35598 0.68959 0.60448 0.4817 0.73237 0.91051 0.74341 0.69435 0.51147 0.906 0.55045 0.39091 0.63224 0 0.61144 0.88462 0.44159 0.81364 0.9448 0.76463 0.59097 0.58224 0.87062 0.63612 0.93028 0.7386 0.8301 0.84683 0.65123 0.33388 0.26106 0.78265 1.1983 0.7384 0.80339 0.29735 0.64103 0.73115 0.73418 0.54826 0.81351 0.96752 0.74578 0.66175 0.39483 0.57451 0.54812 0.6623 0.32807 0.95231 0.79833 0.52793 0.76786 0.90239 0.49183 1.0949 0.99657 0.83972 0.36949 0.46323 0.71538 0.82149 0.63361 1.0114 0.78966
0.94698 0.65361 1.1867 0.97209 0.49504 1.2566 0.65456 0.50042 0.58109 1.0065 0.754 0.55817 0.20339 0.8305 0.43785 1.0337 0.74657 0.84003 0.94354 0.89771 0.83961 1.2667 0.29684 0.65247 1.1786 1.0037 0.4825 0.77361 0.39618 0.88476 0.73151 1.1468 1.0902 0.7525 1.0785 0.94917 0.89377 0.9709 0.61553 0.97178 0.78489 0.57248 0.99755 0.5666 1.0389 0.69614 0.53461 0.20322 0.61144 0 0.98964 0.35926 0.74389 1.0469 0.74105 0.50531 0.86489 1.1587 0.23245 1.1125 1.1716 0.79482 0.52785 0.49222 0.8928 0.68518 0.90778 0.97018 1.1252 0.60395 0.49582 0.81817 0.98494 0.84973 0.62122 1.0538 0.90578 1.0411 0.77537 0.5932 0.98736 0.75501 0.64737 0.7485 0.67085 0.4958 0.32505 0.8472 0.84339 0.9166 1.009 0.91471 0.56681 0.86358 0.47642 1.1841 0.82947 0.81763 1.2499 1.0627
0.71788 1.0125 0.35143 0.81032 0.78343 0.32934 0.54625 0.75254 0.91193 0.8651 0.84496 1.0386 1.0921 0.97334 0.77974 0.89356 0.77231 1.2832 0.98478 0.8799 0.82593 0.60329 1.0313 1.191 0.6194 0.66758 0.80907 0.86774 0.89002 0.75596 0.56637 0.90069 0.5167 0.77832 0.82064 1.064 0.91041 0.67371 0.8933 0.58413 1.1871 0.96278 0.57633 1.1582 0.10201 0.48071 0.58827 0.88468 0.88462 0.98964 0 0.79442 0.84132 0.93953 0.64208 0.55031 0.75473 0.76775 0.96924 0.33766 1.1341 0.27338 0.65043 0.58501 1.1138 1.022 0.87656 0.92315 0.86326 0.70259 1.097 0.32537 0.82763 0.46098 0.81296 0.32146 0.38503 0.70761 0.4955 0.83962 0.94587 0.60871 0.71895 0.60149 0.87212 0.80222 0.73286 0.53306 0.49735 0.62043 1.13 1.0174 0.58496 1.0622 0.86227 0.8624 0.33109 0.33009 0.68093 0.63514
0.67223 0.79639 0.93694 0.82498 0.29385 1.0784 0.57314 0.62972 0.70171 0.93526 0.7416 0.42355 0.43453 0.94153 0.35135 1.0377 0.6932 1.0528 0.70484 0.75342 0.58126 1.2186 0.24759 0.85566 1.062 0.97747 0.21734 0.68984 0.36071 0.91985 0.56225 1.1466 0.80803 0.74452 0.85984 0.75259 0.91795 0.847 0.61897 0.7468 0.98946 0.73854 0.76368 0.70535 0.83634 0.38455 0.34333 0.25678 0.44159 0.35926 0.79442 0 0.85451 1.0928 0.71583 0.483 0.67262 1.0907 0.48169 0.82894 1.1158 0.65575 0.48379 0.43483 0.713 0.52581 0.95729 1.1004 1.0112 0.4823 0.50697 0.62454 0.93618 0.56552 0.37232 0.76636 0.85065 0.959 0.69643 0.58256 0.9074 0.53966 0.70798 0.48033 0.77822 0.50626 0.33694 0.75004 0.83899 0.60535 1.1459 1.0221 0.58503 0.78831 0.48684 0.986 0.69674 0.65971 1.1529 0.9753
