0 0.3878 0.4117 0.38979 0.45828 0.47411 0.31228 0.29131 0.34668 0.30282 0.50262 0.34146 0.42875 0.32692 0.32919 0.28999 0.44141 0.29392 0.41639 0.40864 0.27642 0.30717 0.24289 0.37318 0.38027 0.35114 0.34279 0.42498 0.42857 0.45006 0.33559 0.43411 0.32353 0.43269 0.23596 0.40653 0.23103 0.26047 0.38232 0.42472 0.30292 0.32542 0.35395 0.34842 0.43701 0.34343 0.45495 0.3667 0.39425 0.39445 0.40924 0.39742 0.30238 0.37318 0.30184 0.3238 0.29471 0.28539 0.46222 0.45798 0.36991 0.37033 0.3043 0.41055 0.39225 0.37253 0.42991 0.39547 0.30479 0.31555 0.4117 0.32688 0.40382 0.42282 0.46675 0.39434 0.33448 0.43197 0.37472 0.4452 0.3606 0.281 0.41573 0.29246 0.42282 0.42421 0.44268 0.38108 0.40864 0.41483 0.40924 0.42117 0.33601 0.29888 0.41102 0.41057 0.33447 0.33782 0.32023 0.41573 0.36966 0.41618 0.43302
0.3878 0 0.09535 0.1194 0.14382 0.16859 0.63318 0.62383 0.61213 0.55906 0.17785 0.36458 0.2026 0.60715 0.54966 0.57371 0.1521 0.54045 0.12338 0.09295 0.40865 0.61557 0.55778 0.11186 0.11586 0.58821 0.45932 0.13529 0.14913 0.13535 0.61325 0.11081 0.09286 0.19139 0.52548 0.09315 0.47914 0.51732 0.24543 0.2528 0.61001 0.61897 0.60898 0.63995 0.13758 0.61954 0.12145 0.5995 0.08935 0.09091 0.12458 0.1089 0.49661 0.10302 0.54879 0.56472 0.54596 0.53499 0.15376 0.14043 0.62699 0.63043 0.59977 0.12059 0.1101 0.63268 0.13203 0.11279 0.59205 0.60791 0.15359 0.62641 0.10984 0.12486 0.25971 0.171 0.59737 0.11977 0.26018 0.27815 0.63612 0.51919 0.07735 0.61099 0.11996 0.1071 0.12203 0.1224 0.11048 0.10424 0.10646 0.32569 0.62316 0.53258 0.11213 0.14238 0.61616 0.56488 0.62037 0.65337 0.61142 0.12023 0.12401
0.4117 0.09535 0 0.07576 0.10882 0.14603 0.6571 0.64035 0.62255 0.57175 0.14949 0.375 0.15272 0.62367 0.52746 0.60465 0.15155 0.58362 0.09394 0.0694 0.42517 0.62599 0.594 0.07248 0.07289 0.59863 0.46974 0.10242 0.12252 0.10759 0.62367 0.07514 0.10938 0.1616 0.542 0.07605 0.50938 0.52056 0.26883 0.22562 0.62102 0.62939 0.6194 0.65085 0.10079 0.62996 0.08516 0.60992 0.07159 0.06016 0.08976 0.08551 0.50629 0.07256 0.52839 0.58864 0.58844 0.55251 0.1092 0.11213 0.6505 0.64085 0.62171 0.08208 0.10792 0.65269 0.1076 0.08973 0.62002 0.62314 0.12372 0.64253 0.0739 0.09339 0.23309 0.16957 0.60779 0.08894 0.27043 0.23375 0.64654 0.542 0.05562 0.6504 0.08173 0.08105 0.12429 0.09114 0.0764 0.07728 0.07446 0.3175 0.63358 0.53645 0.07879 0.11237 0.62658 0.60702 0.62368 0.66379 0.60815 0.11633 0.08009
0.38979 0.1194 0.07576 0 0.15341 0.18605 0.60698 0.58667 0.63297 0.52262 0.17865 0.38542 0.15152 0.57644 0.48014 0.56552 0.16078 0.54515 0.12869 0.09786 0.42258 0.60592 0.54211 0.10674 0.10847 0.58703 0.48016 0.13242 0.13426 0.12697 0.60678 0.09986 0.13043 0.14611 0.50395 0.09572 0.4898 0.48718 0.23448 0.19573 0.56792 0.62783 0.62982 0.60771 0.12022 0.62909 0.12215 0.62034 0.08871 0.09132 0.12628 0.09871 0.46825 0.09685 0.49078 0.54147 0.54167 0.51134 0.14302 0.1479 0.60617 0.62925 0.56803 0.0907 0.11617 0.61324 0.14866 0.13419 0.57029 0.57727 0.12162 0.58153 0.12299 0.13161 0.21924 0.16193 0.58904 0.11237 0.23549 0.20429 0.60208 0.51602 0.07658 0.59234 0.10586 0.10532 0.15 0.13861 0.10985 0.08922 0.0967 0.27074 0.6113 0.49266 0.1092 0.12162 0.60726 0.5573 0.56794 0.65579 0.57255 0.1124 0.12203
0.45828 0.14382 0.10882 0.15341 0 0.09784 0.6571 0.6597 0.62255 0.62348 0.11013 0.375 0.21173 0.64904 0.57286 0.6383 0.15273 0.60993 0.10776 0.0884 0.45054 0.62599 0.61937 0.08811 0.09071 0.59863 0.46974 0.08889 0.12984 0.12335 0.62367 0.08199 0.13475 0.18728 0.56737 0.11934 0.53475 0.56279 0.30934 0.27122 0.67046 0.62939 0.6194 0.65085 0.11123 0.62996 0.07718 0.60992 0.13191 0.0883 0.07821 0.13249 0.55222 0.11148 0.57336 0.63811 0.61564 0.58379 0.11771 0.07795 0.65189 0.64085 0.64444 0.12864 0.15324 0.65269 0.08362 0.10103 0.64539 0.65957 0.15563 0.66257 0.06299 0.06969 0.27771 0.21053 0.60779 0.10234 0.32031 0.27494 0.64654 0.56737 0.10486 0.65407 0.12583 0.09656 0.10802 0.08434 0.09524 0.13122 0.12598 0.38036 0.63358 0.57447 0.11712 0.15673 0.62658 0.64427 0.67931 0.66379 0.62885 0.17198 0.08879
0.47411 0.16859 0.14603 0.18605 0.09784 0 0.67096 0.6569 0.67612 0.61382 0.14189 0.42857 0.24935 0.6712 0.57889 0.60138 0.15868 0.59276 0.15112 0.13914 0.49056 0.67956 0.64151 0.14414 0.13559 0.6522 0.52331 0.13616 0.15698 0.17905 0.67724 0.13618 0.17477 0.21135 0.59076 0.1646 0.55556 0.57343 0.29919 0.28491 0.66159 0.68296 0.67297 0.64892 0.13514 0.68353 0.12357 0.66349 0.17051 0.1456 0.12329 0.15475 0.53523 0.16347 0.56763 0.60436 0.58963 0.59024 0.16628 0.13197 0.63502 0.67273 0.62925 0.16667 0.19657 0.66628 0.14535 0.15176 0.63574 0.6344 0.18059 0.62557 0.11583 0.12118 0.28345 0.25658 0.66136 0.14318 0.32118 0.28798 0.68902 0.60205 0.14673 0.67156 0.16911 0.14172 0.14432 0.11722 0.13492 0.17209 0.16648 0.37298 0.68009 0.58174 0.15075 0.18828 0.68015 0.62275 0.65081 0.64414 0.59459 0.20303 0.14659
0.31228 0.63318 0.6571 0.60698 0.6571 0.67096 0 0.06577 0.12731 0.21371 0.66752 0.2821 0.56159 0.16476 0.24857 0.19884 0.60208 0.20091 0.64658 0.63883 0.27294 0.11982 0.16866 0.60337 0.61046 0.18161 0.18736 0.65444 0.62456 0.64432 0.12785 0.6643 0.55372 0.57664 0.20023 0.63883 0.22706 0.24118 0.47038 0.50909 0.14911 0.11086 0.12922 0.13631 0.63864 0.11149 0.6571 0.13212 0.64377 0.62464 0.63943 0.63121 0.252 0.60337 0.22326 0.19142 0.19932 0.22426 0.65052 0.64668 0.17332 0.12944 0.16667 0.63182 0.61379 0.17882 0.65844 0.62421 0.15029 0.14483 0.60251 0.15783 0.63401 0.64668 0.54791 0.60043 0.13091 0.6571 0.49539 0.52343 0.15286 0.21223 0.64592 0.13098 0.64692 0.6571 0.6571 0.61127 0.63883 0.64277 0.63943 0.43721 0.13388 0.22577 0.6314 0.63895 0.12744 0.18523 0.1507 0.18544 0.20137 0.60471 0.6571
0.29131 0.62383 0.64035 0.58667 0.6597 0.6569 0.06577 0 0.12651 0.17696 0.66509 0.2847 0.54408 0.15394 0.23804 0.19077 0.60526 0.18787 0.62383 0.61608 0.24939 0.12125 0.16812 0.58062 0.58771 0.17146 0.18996 0.63242 0.60854 0.62722 0.1522 0.64155 0.53097 0.56061 0.1829 0.61608 0.21573 0.22372 0.46796 0.49822 0.13333 0.12619 0.13939 0.14779 0.62959 0.12708 0.6597 0.15777 0.62031 0.60189 0.61668 0.61557 0.2348 0.58062 0.20097 0.18402 0.18009 0.21667 0.63876 0.64928 0.19121 0.15752 0.17282 0.61037 0.61853 0.18405 0.63735 0.60291 0.13101 0.13892 0.59193 0.15126 0.61126 0.63026 0.5368 0.60091 0.13308 0.65233 0.48197 0.50833 0.14599 0.22142 0.62317 0.121 0.62633 0.63723 0.65472 0.58852 0.61608 0.62424 0.61668 0.42615 0.14112 0.20952 0.61594 0.61137 0.12992 0.19645 0.13553 0.20947 0.18343 0.59214 0.64046
0.34668 0.61213 0.62255 0.63297 0.62255 0.67612 0.12731 0.12651 0 0.16313 0.63297 0.24755 0.57364 0.16461 0.24412 0.18182 0.63297 0.19085 0.62255 0.62255 0.32875 0.09213 0.15771 0.62255 0.62255 0.15039 0.15281 0.61989 0.62255 0.62255 0.12946 0.63297 0.62411 0.59881 0.2158 0.62255 0.26233 0.27011 0.48581 0.51556 0.12818 0.0905 0.10909 0.12081 0.63297 0.09455 0.62255 0.10468 0.62255 0.62255 0.6265 0.63885 0.26398 0.62255 0.24915 0.19977 0.21246 0.23154 0.61597 0.61213 0.14599 0.10762 0.18568 0.62255 0.63053 0.14977 0.62389 0.58966 0.15367 0.17079 0.62806 0.1509 0.64315 0.61213 0.55235 0.62796 0.10101 0.62255 0.48876 0.55134 0.12771 0.24464 0.61597 0.11915 0.6265 0.62255 0.62255 0.60198 0.62389 0.62255 0.63053 0.46198 0.12514 0.23857 0.6454 0.64739 0.09428 0.21222 0.1476 0.16 0.17778 0.58901 0.62255
0.30282 0.55906 0.57175 0.52262 0.62348 0.61382 0.21371 0.17696 0.16313 0 0.61665 0.31955 0.46863 0.18433 0.22345 0.2306 0.54717 0.19142 0.57785 0.58086 0.27355 0.16093 0.17762 0.55679 0.56388 0.20953 0.22481 0.58954 0.5504 0.57393 0.22271 0.596 0.50714 0.48886 0.1956 0.56923 0.22737 0.23837 0.41834 0.44408 0.14579 0.18392 0.18264 0.18212 0.56298 0.1978 0.6129 0.21405 0.54821 0.57806 0.59285 0.55046 0.24751 0.55679 0.23318 0.2287 0.21382 0.21989 0.58194 0.62195 0.22089 0.21326 0.21215 0.52679 0.53111 0.22247 0.61352 0.57908 0.2049 0.22148 0.51921 0.19444 0.58743 0.60242 0.50592 0.53263 0.18855 0.56858 0.43444 0.45044 0.20225 0.25056 0.56531 0.18202 0.56312 0.55298 0.57918 0.56469 0.56891 0.55882 0.56319 0.4321 0.21348 0.18943 0.56215 0.53019 0.17588 0.27054 0.19932 0.2552 0.22234 0.50511 0.58518
0.50262 0.17785 0.14949 0.17865 0.11013 0.14189 0.66752 0.66509 0.63297 0.61665 0 0.38542 0.24015 0.66557 0.58352 0.63982 0.16225 0.61311 0.15808 0.13115 0.49488 0.63641 0.66371 0.13928 0.13895 0.60905 0.48016 0.13481 0.16535 0.14363 0.63409 0.11126 0.17909 0.19907 0.61171 0.16266 0.57909 0.59414 0.32036 0.28322 0.67384 0.63981 0.62982 0.66127 0.15343 0.64038 0.1105 0.62034 0.16945 0.13755 0.12707 0.17995 0.5225 0.16249 0.56473 0.6243 0.59433 0.58836 0.14175 0.12665 0.65871 0.65127 0.63666 0.16556 0.19337 0.66311 0.11124 0.13636 0.64381 0.64246 0.20284 0.65342 0.11247 0.10832 0.27091 0.19624 0.61821 0.14835 0.32486 0.28149 0.65696 0.60797 0.1494 0.66449 0.15485 0.14912 0.15732 0.12154 0.14035 0.17191 0.1652 0.36343 0.644 0.59519 0.15462 0.19302 0.637 0.63547 0.66367 0.65142 0.59804 0.19053 0.12308
0.34146 0.36458 0.375 0.38542 0.375 0.42857 0.2821 0.2847 0.24755 0.31955 0.38542 0 0.51029 0.29785 0.3803 0.32325 0.38542 0.30824 0.375 0.375 0.43378 0.25099 0.31193 0.375 0.375 0.22363 0.09474 0.37234 0.375 0.375 0.24867 0.38542 0.41198 0.38372 0.36988 0.375 0.40551 0.42048 0.38542 0.375 0.29887 0.25439 0.2444 0.27585 0.38542 0.25496 0.375 0.23492 0.375 0.375 0.37895 0.3913 0.34043 0.375 0.29167 0.29632 0.28125 0.20879 0.36842 0.36458 0.27689 0.26585 0.3003 0.375 0.38298 0.27769 0.37634 0.34211 0.28959 0.30187 0.38542 0.31237 0.3956 0.36458 0.44444 0.41053 0.23279 0.375 0.36842 0.39583 0.27154 0.32258 0.36842 0.27907 0.37895 0.375 0.375 0.35443 0.37634 0.375 0.38298 0.40659 0.25858 0.25806 0.39785 0.40625 0.25158 0.36346 0.30431 0.28879 0.2954 0.34146 0.375
0.42875 0.2026 0.15272 0.15152 0.21173 0.24935 0.56159 0.54408 0.57364 0.46863 0.24015 0.51029 0 0.52179 0.45641 0.53646 0.24 0.49235 0.19867 0.17752 0.41361 0.54499 0.48803 0.17281 0.16986 0.5547 0.60503 0.20026 0.2029 0.19695 0.5625 0.16195 0.20155 0.18699 0.48158 0.18471 0.46991 0.46778 0.28088 0.23634 0.52122 0.57161 0.59126 0.55428 0.18043 0.57306 0.19534 0.5916 0.15625 0.17707 0.20387 0.17241 0.42638 0.17557 0.48429 0.50843 0.51465 0.50638 0.21935 0.22909 0.55056 0.58151 0.51857 0.16062 0.19459 0.57105 0.20991 0.20052 0.52979 0.54054 0.20892 0.54581 0.18005 0.19796 0.27901 0.25201 0.54122 0.19794 0.28737 0.25864 0.54237 0.50575 0.17176 0.54395 0.18193 0.17692 0.22978 0.20467 0.1824 0.16863 0.16324 0.30649 0.56282 0.44529 0.17617 0.19211 0.5617 0.53494 0.52774 0.57506 0.51908 0.16883 0.18054
0.32692 0.60715 0.62367 0.57644 0.64904 0.6712 0.16476 0.15394 0.16461 0.18433 0.66557 0.29785 0.52179 0 0.17238 0.20608 0.59177 0.20374 0.60715 0.5994 0.2779 0.13 0.15704 0.56394 0.57103 0.15538 0.20311 0.61574 0.60771 0.63377 0.16446 0.62487 0.51429 0.53991 0.18592 0.5994 0.23673 0.21566 0.46973 0.49506 0.10604 0.12472 0.13205 0.14475 0.61842 0.14411 0.64571 0.18571 0.61011 0.58521 0.6 0.6039 0.28761 0.56394 0.21935 0.21124 0.23297 0.22898 0.6183 0.64874 0.18412 0.14934 0.18252 0.59239 0.58176 0.16232 0.62067 0.58623 0.19398 0.19623 0.57802 0.15573 0.59458 0.61358 0.5285 0.55439 0.17687 0.6124 0.48886 0.47241 0.13723 0.23438 0.60649 0.14725 0.61358 0.62031 0.63012 0.57184 0.5994 0.61495 0.6 0.4321 0.16554 0.19294 0.60874 0.58571 0.12735 0.23465 0.14819 0.236 0.20637 0.57614 0.62378
0.32919 0.54966 0.52746 0.48014 0.57286 0.57889 0.24857 0.23804 0.24412 0.22345 0.58352 0.3803 0.45641 0.17238 0 0.24887 0.51225 0.234 0.53241 0.52318 0.25171 0.2294 0.21437 0.51774 0.52483 0.26808 0.28556 0.53795 0.50682 0.54396 0.26438 0.54692 0.46809 0.46471 0.23432 0.51929 0.27051 0.26849 0.41236 0.42024 0.20481 0.22235 0.23251 0.22481 0.52088 0.21782 0.56473 0.27313 0.51689 0.53901 0.5538 0.5155 0.32151 0.51774 0.26719 0.25589 0.27533 0.26275 0.53244 0.55506 0.20602 0.21508 0.25249 0.5073 0.50112 0.25626 0.57447 0.54003 0.26369 0.26556 0.47247 0.21938 0.54838 0.55028 0.52857 0.51374 0.22712 0.51165 0.44209 0.4104 0.22435 0.25446 0.51982 0.23789 0.52863 0.50941 0.53556 0.52564 0.52824 0.5068 0.51947 0.4252 0.24212 0.20948 0.50056 0.49229 0.22752 0.27912 0.20725 0.31353 0.27173 0.49147 0.53718
0.28999 0.57371 0.60465 0.56552 0.6383 0.60138 0.19884 0.19077 0.18182 0.2306 0.63982 0.32325 0.53646 0.20608 0.24887 0 0.53968 0.21236 0.59641 0.58866 0.27995 0.18707 0.22327 0.5532 0.56029 0.21178 0.22851 0.605 0.56713 0.59508 0.18356 0.61413 0.50355 0.54491 0.21725 0.58866 0.25141 0.26358 0.44686 0.48936 0.19208 0.16667 0.16553 0.14752 0.58725 0.15006 0.63497 0.19283 0.59289 0.57447 0.58926 0.59346 0.25282 0.5532 0.22222 0.25571 0.20404 0.2261 0.58884 0.62174 0.17199 0.16591 0.21082 0.58171 0.53575 0.2065 0.60993 0.57549 0.20478 0.19118 0.54036 0.19864 0.58384 0.60284 0.53269 0.58963 0.21284 0.58192 0.44005 0.51464 0.19151 0.26871 0.59575 0.18722 0.59978 0.58671 0.59615 0.5611 0.58866 0.59653 0.58926 0.44064 0.1764 0.2287 0.58219 0.56726 0.19435 0.24049 0.19129 0.21948 0.20269 0.57044 0.61304
0.44141 0.1521 0.15155 0.16078 0.15273 0.15868 0.60208 0.60526 0.63297 0.54717 0.16225 0.38542 0.24 0.59177 0.51225 0.53968 0 0.5227 0.1626 0.15078 0.43444 0.63535 0.57937 0.16115 0.1576 0.60905 0.48016 0.14222 0.15262 0.16887 0.61667 0.1396 0.15942 0.17237 0.53599 0.17054 0.52227 0.53089 0.22348 0.22873 0.59655 0.63333 0.61818 0.57444 0.14459 0.61394 0.14013 0.62034 0.1548 0.15929 0.15789 0.14648 0.47884 0.15597 0.51529 0.54802 0.52928 0.51893 0.15618 0.16071 0.58504 0.61136 0.5657 0.15428 0.15247 0.60641 0.17788 0.18757 0.60382 0.59933 0.16261 0.58231 0.15896 0.14191 0.27838 0.18449 0.60959 0.13378 0.25785 0.22111 0.61835 0.53258 0.15376 0.61947 0.16704 0.14572 0.13728 0.16848 0.1465 0.16192 0.15866 0.30361 0.61425 0.51387 0.15463 0.18031 0.63211 0.5596 0.59407 0.60375 0.55408 0.14971 0.16147
0.29392 0.54045 0.58362 0.54515 0.60993 0.59276 0.20091 0.18787 0.19085 0.19142 0.61311 0.30824 0.49235 0.20374 0.234 0.21236 0.5227 0 0.55811 0.56029 0.24036 0.18272 0.19931 0.52483 0.53192 0.21792 0.2135 0.57663 0.54124 0.58579 0.21232 0.58576 0.47518 0.50058 0.20724 0.56029 0.22271 0.26161 0.41564 0.44858 0.18658 0.17492 0.19685 0.17971 0.56721 0.18729 0.60643 0.21577 0.55481 0.5461 0.56089 0.55835 0.2591 0.52483 0.22982 0.21501 0.19168 0.23925 0.56952 0.60963 0.20863 0.19735 0.19625 0.54129 0.54384 0.22763 0.58156 0.54712 0.20866 0.21523 0.54655 0.19623 0.55547 0.57447 0.53073 0.51158 0.1745 0.56623 0.43285 0.47085 0.22534 0.2525 0.56738 0.17853 0.57447 0.56608 0.56685 0.53273 0.56029 0.57095 0.56089 0.41321 0.17377 0.18571 0.55531 0.5575 0.19757 0.26339 0.19548 0.2407 0.22648 0.51189 0.58467
0.41639 0.12338 0.09394 0.12869 0.10776 0.15112 0.64658 0.62383 0.62255 0.57785 0.15808 0.375 0.19867 0.60715 0.53241 0.59641 0.1626 0.55811 0 0.05626 0.40865 0.62599 0.57748 0.08591 0.0818 0.59863 0.46974 0.09546 0.11625 0.14204 0.62367 0.07314 0.09286 0.17936 0.52548 0.09174 0.49286 0.51486 0.28605 0.24656 0.61649 0.62939 0.6194 0.65012 0.1008 0.62996 0.09302 0.60992 0.10434 0.08046 0.09292 0.10817 0.5422 0.09414 0.53584 0.59272 0.60161 0.56647 0.11669 0.10673 0.65189 0.64085 0.61965 0.11358 0.13008 0.65083 0.10545 0.09905 0.6035 0.61768 0.12859 0.63298 0.07737 0.0841 0.22886 0.18722 0.60779 0.10751 0.2892 0.23529 0.64235 0.52548 0.08726 0.64605 0.1194 0.097 0.12601 0.07878 0.0843 0.08412 0.10069 0.3216 0.63358 0.53258 0.10773 0.11927 0.62658 0.6035 0.63195 0.66379 0.62041 0.1554 0.09815
0.40864 0.09295 0.0694 0.09786 0.0884 0.13914 0.63883 0.61608 0.62255 0.58086 0.13115 0.375 0.17752 0.5994 0.52318 0.58866 0.15078 0.56029 0.05626 0 0.4009 0.62599 0.56973 0.06339 0.06703 0.59863 0.46974 0.07436 0.09831 0.11148 0.62367 0.04794 0.08511 0.15906 0.51773 0.05921 0.48511 0.51989 0.27933 0.2407 0.62082 0.62939 0.6194 0.65085 0.08197 0.62996 0.07991 0.60992 0.07727 0.04825 0.07743 0.09268 0.51929 0.069 0.53027 0.59843 0.58817 0.55347 0.09789 0.08628 0.65189 0.64085 0.62183 0.08929 0.101 0.65269 0.08578 0.08532 0.59575 0.60993 0.11281 0.63747 0.05257 0.06154 0.22485 0.16842 0.60779 0.07726 0.28208 0.23762 0.64654 0.51773 0.04491 0.6383 0.08543 0.05617 0.10608 0.06747 0.05947 0.06885 0.07854 0.32923 0.63256 0.52483 0.07151 0.1161 0.62658 0.59575 0.63616 0.66379 0.62144 0.13431 0.07819
0.27642 0.40865 0.42517 0.42258 0.45054 0.49056 0.27294 0.24939 0.32875 0.27355 0.49488 0.43378 0.41361 0.2779 0.25171 0.27995 0.43444 0.24036 0.40865 0.4009 0 0.29324 0.25887 0.36544 0.37253 0.30971 0.33904 0.41724 0.4224 0.46473 0.31136 0.42637 0.31579 0.40821 0.25792 0.4009 0.25884 0.25701 0.3526 0.38348 0.27562 0.30262 0.31834 0.29625 0.42927 0.28249 0.44721 0.34502 0.44213 0.38671 0.4015 0.4237 0.29157 0.36544 0.22711 0.25461 0.25566 0.28263 0.45448 0.45024 0.30902 0.30979 0.2631 0.44009 0.45642 0.31111 0.42217 0.38773 0.27701 0.28 0.43715 0.2695 0.39608 0.41508 0.46691 0.42733 0.32753 0.45154 0.39818 0.39022 0.29664 0.26804 0.40799 0.2862 0.41508 0.43636 0.472 0.37334 0.4009 0.42927 0.4015 0.35409 0.29296 0.20385 0.43548 0.45249 0.30251 0.29718 0.28339 0.35593 0.28588 0.4259 0.42528
0.30717 0.61557 0.62599 0.60592 0.62599 0.67956 0.11982 0.12125 0.09213 0.16093 0.63641 0.25099 0.54499 0.13 0.2294 0.18707 0.63535 0.18272 0.62599 0.62599 0.29324 0 0.08827 0.61703 0.62412 0.14844 0.15625 0.62333 0.62599 0.62599 0.13082 0.63641 0.56738 0.57615 0.17257 0.62599 0.20912 0.22286 0.47689 0.51766 0.11711 0.08879 0.09853 0.12681 0.63641 0.1073 0.62599 0.12376 0.62599 0.62599 0.62994 0.63279 0.26029 0.61703 0.22285 0.17043 0.20552 0.22024 0.61941 0.61557 0.16145 0.13014 0.15795 0.62599 0.62038 0.15771 0.62733 0.5931 0.13789 0.15385 0.61326 0.15213 0.64659 0.61557 0.54719 0.61099 0.11074 0.62599 0.486 0.53052 0.12754 0.20426 0.61941 0.08619 0.62994 0.62599 0.62599 0.60542 0.62733 0.62599 0.63397 0.44746 0.11099 0.19734 0.64884 0.63094 0.08909 0.21389 0.14025 0.18212 0.19536 0.59245 0.62599
0.24289 0.55778 0.594 0.54211 0.61937 0.64151 0.16866 0.16812 0.15771 0.17762 0.66371 0.31193 0.48803 0.15704 0.21437 0.22327 0.57937 0.19931 0.57748 0.56973 0.25887 0.08827 0 0.53427 0.54136 0.1949 0.21719 0.58607 0.58629 0.62385 0.19746 0.5952 0.48462 0.52805 0.14384 0.56973 0.17341 0.19222 0.4331 0.49024 0.1362 0.14665 0.16608 0.1875 0.5981 0.16801 0.61604 0.1977 0.57294 0.55554 0.57033 0.56543 0.2806 0.53427 0.24617 0.19718 0.21379 0.24051 0.6231 0.61907 0.20907 0.20323 0.17803 0.57093 0.55814 0.19382 0.591 0.55656 0.1762 0.2007 0.57011 0.1851 0.56491 0.58391 0.55762 0.52876 0.17376 0.60603 0.43888 0.48443 0.17176 0.19977 0.57682 0.12629 0.58391 0.60116 0.61298 0.54217 0.56973 0.586 0.57033 0.43341 0.17453 0.19377 0.59016 0.56651 0.14798 0.22936 0.1889 0.24914 0.2411 0.5369 0.59411
0.37318 0.11186 0.07248 0.10674 0.08811 0.14414 0.60337 0.58062 0.62255 0.55679 0.13928 0.375 0.17281 0.56394 0.51774 0.5532 0.16115 0.52483 0.08591 0.06339 0.36544 0.61703 0.53427 0 0.01094 0.59863 0.46974 0.07956 0.11474 0.10446 0.62367 0.06093 0.04965 0.17579 0.48227 0.07424 0.44965 0.48443 0.28254 0.23529 0.58536 0.62939 0.6194 0.63536 0.09684 0.60284 0.08177 0.60992 0.08807 0.05459 0.07514 0.09112 0.51262 0.07088 0.5423 0.60312 0.58156 0.56641 0.10963 0.0848 0.64524 0.64085 0.59965 0.08778 0.12044 0.64677 0.08202 0.08068 0.56029 0.57447 0.14068 0.63494 0.06459 0.07549 0.24264 0.16493 0.60779 0.08791 0.29503 0.25192 0.63121 0.48227 0.06652 0.60284 0.07415 0.07237 0.11661 0.071 0.06798 0.08989 0.0837 0.34114 0.5971 0.48937 0.08788 0.12759 0.62658 0.56029 0.60361 0.66379 0.60284 0.13529 0.08242
0.38027 0.11586 0.07289 0.10847 0.09071 0.13559 0.61046 0.58771 0.62255 0.56388 0.13895 0.375 0.16986 0.57103 0.52483 0.56029 0.1576 0.53192 0.0818 0.06703 0.37253 0.62412 0.54136 0.01094 0 0.59863 0.46974 0.08667 0.11073 0.10941 0.62367 0.064 0.05674 0.17213 0.48936 0.07903 0.45674 0.49152 0.27629 0.23658 0.59245 0.62939 0.6194 0.64245 0.09519 0.60993 0.08 0.60992 0.09081 0.05921 0.07667 0.09029 0.51104 0.07346 0.54209 0.60291 0.58865 0.56954 0.1147 0.08638 0.65189 0.64085 0.60674 0.0905 0.12333 0.65269 0.08475 0.08333 0.56738 0.58156 0.14145 0.64203 0.06495 0.07591 0.24142 0.16387 0.60779 0.09061 0.28746 0.2478 0.6383 0.48936 0.07127 0.60993 0.07667 0.07497 0.11836 0.07488 0.07056 0.09029 0.08416 0.33744 0.60419 0.49646 0.09508 0.12829 0.62658 0.56738 0.6107 0.66379 0.60993 0.1325 0.08168
0.35114 0.58821 0.59863 0.58703 0.59863 0.6522 0.18161 0.17146 0.15039 0.20953 0.60905 0.22363 0.5547 0.15538 0.26808 0.21178 0.60905 0.21792 0.59863 0.59863 0.30971 0.14844 0.1949 0.59863 0.59863 0 0.12889 0.59597 0.59863 0.59863 0.14523 0.60905 0.55797 0.5583 0.22652 0.59863 0.29111 0.28196 0.47523 0.48181 0.15675 0.15188 0.14739 0.16426 0.60905 0.15138 0.59863 0.14774 0.59863 0.59863 0.60258 0.61493 0.26637 0.59863 0.23986 0.21445 0.24503 0.24778 0.59205 0.58821 0.18357 0.15538 0.20556 0.59863 0.60379 0.18544 0.59997 0.56574 0.20157 0.19933 0.5894 0.19106 0.61923 0.58821 0.51548 0.58947 0.13605 0.59863 0.47151 0.50831 0.15315 0.26682 0.59205 0.15784 0.60258 0.59863 0.59863 0.57806 0.59997 0.59863 0.60661 0.42342 0.1661 0.21705 0.62148 0.61411 0.12444 0.25661 0.16856 0.19625 0.18523 0.56509 0.59863
0.34279 0.45932 0.46974 0.48016 0.46974 0.52331 0.18736 0.18996 0.15281 0.22481 0.48016 0.09474 0.60503 0.20311 0.28556 0.22851 0.48016 0.2135 0.46974 0.46974 0.33904 0.15625 0.21719 0.46974 0.46974 0.12889 0 0.46708 0.46974 0.46974 0.15393 0.48016 0.50672 0.47846 0.27514 0.46974 0.31077 0.32574 0.47244 0.46974 0.20413 0.15965 0.14966 0.18111 0.48016 0.16022 0.46974 0.14018 0.46974 0.46974 0.47369 0.48604 0.29444 0.46974 0.25763 0.20158 0.24503 0.26889 0.46316 0.45932 0.18215 0.17111 0.20556 0.46974 0.47772 0.18295 0.47108 0.43685 0.19485 0.20713 0.48016 0.21763 0.49034 0.45932 0.53918 0.50527 0.13805 0.46974 0.46316 0.49057 0.1768 0.26957 0.46316 0.18433 0.47369 0.46974 0.46974 0.44917 0.47108 0.46974 0.47772 0.42889 0.16384 0.2323 0.49259 0.50099 0.15684 0.26872 0.20957 0.19405 0.20066 0.4362 0.46974
0.42498 0.13529 0.10242 0.13242 0.08889 0.13616 0.65444 0.63242 0.61989 0.58954 0.13481 0.37234 0.20026 0.61574 0.53795 0.605 0.14222 0.57663 0.09546 0.07436 0.41724 0.62333 0.58607 0.07956 0.08667 0.59597 0.46708 0 0.10057 0.12376 0.62101 0.06048 0.10145 0.17751 0.53407 0.09978 0.50145 0.53494 0.27684 0.23451 0.63406 0.62673 0.61674 0.64819 0.09724 0.6273 0.06734 0.60726 0.10646 0.08204 0.07287 0.10867 0.52843 0.09856 0.54308 0.60136 0.59468 0.55407 0.08081 0.08277 0.64923 0.63819 0.63991 0.11236 0.13468 0.65003 0.10658 0.10162 0.61209 0.62627 0.12403 0.64013 0.07919 0.07222 0.24192 0.17684 0.60513 0.07478 0.28956 0.24472 0.64388 0.53407 0.08749 0.65141 0.10631 0.07127 0.09944 0.08354 0.07906 0.10216 0.10403 0.33182 0.63092 0.54117 0.09831 0.13511 0.62392 0.61209 0.648 0.66113 0.60177 0.14629 0.09152
0.42857 0.14913 0.12252 0.13426 0.12984 0.15698 0.62456 0.60854 0.62255 0.5504 0.16535 0.375 0.2029 0.60771 0.50682 0.56713 0.15262 0.54124 0.11625 0.09831 0.4224 0.62599 0.58629 0.11474 0.11073 0.59863 0.46974 0.10057 0 0.15186 0.62217 0.09091 0.16001 0.1339 0.53386 0.11625 0.51192 0.51515 0.24713 0.20472 0.58899 0.62939 0.6194 0.60045 0.10799 0.62996 0.10857 0.60992 0.11649 0.11512 0.11314 0.10223 0.48695 0.11036 0.49827 0.56221 0.53551 0.52667 0.12657 0.1287 0.60513 0.63564 0.57758 0.1046 0.13943 0.6091 0.1475 0.14454 0.59268 0.59545 0.13078 0.5877 0.12558 0.12443 0.22046 0.18844 0.60779 0.10227 0.25571 0.19344 0.61547 0.54805 0.11149 0.63247 0.12176 0.09297 0.13523 0.13755 0.11224 0.11124 0.1139 0.28621 0.62125 0.50679 0.11277 0.14543 0.62658 0.5793 0.59721 0.63514 0.55968 0.15053 0.11477
0.45006 0.13535 0.10759 0.12697 0.12335 0.17905 0.64432 0.62722 0.62255 0.57393 0.14363 0.375 0.19695 0.63377 0.54396 0.59508 0.16887 0.58579 0.14204 0.11148 0.46473 0.62599 0.62385 0.10446 0.10941 0.59863 0.46974 0.12376 0.15186 0 0.62367 0.08874 0.14894 0.17695 0.55568 0.11572 0.54446 0.52875 0.28921 0.23747 0.62174 0.62939 0.6194 0.63666 0.13384 0.62996 0.10939 0.60992 0.13043 0.10699 0.12044 0.13212 0.47311 0.1145 0.51004 0.57637 0.58561 0.53568 0.12625 0.13106 0.63604 0.64085 0.59605 0.11778 0.14696 0.65269 0.11685 0.12727 0.5885 0.59186 0.16685 0.61258 0.10913 0.10832 0.23557 0.20251 0.60738 0.12637 0.29724 0.2782 0.64397 0.56921 0.1036 0.62704 0.0807 0.11404 0.13751 0.12034 0.10746 0.12135 0.12004 0.32553 0.63358 0.5558 0.12125 0.16685 0.62658 0.5876 0.60855 0.63834 0.56754 0.15445 0.10989
0.33559 0.61325 0.62367 0.60678 0.62367 0.67724 0.12785 0.1522 0.12946 0.22271 0.63409 0.24867 0.5625 0.16446 0.26438 0.18356 0.61667 0.21232 0.62367 0.62367 0.31136 0.13082 0.19746 0.62367 0.62367 0.14523 0.15393 0.62101 0.62217 0.62367 0 0.63409 0.60284 0.57562 0.22198 0.62367 0.27403 0.27582 0.47092 0.4885 0.1492 0.13326 0.12135 0.12928 0.63409 0.11978 0.62367 0.10977 0.62367 0.62367 0.62762 0.63997 0.23646 0.62367 0.21461 0.20628 0.19429 0.21326 0.61709 0.61325 0.16067 0.13923 0.1777 0.62192 0.60957 0.19161 0.62501 0.59078 0.1637 0.14839 0.60373 0.18424 0.64427 0.61325 0.54384 0.59831 0.11074 0.62367 0.48169 0.52533 0.14815 0.23608 0.61709 0.13831 0.62762 0.62367 0.62367 0.6031 0.62501 0.62367 0.63165 0.43274 0.14511 0.22137 0.63464 0.63337 0.11615 0.22015 0.15176 0.1568 0.16009 0.59013 0.62367
0.43411 0.11081 0.07514 0.09986 0.08199 0.13618 0.6643 0.64155 0.63297 0.596 0.11126 0.38542 0.16195 0.62487 0.54692 0.61413 0.1396 0.58576 0.07314 0.04794 0.42637 0.63641 0.5952 0.06093 0.064 0.60905 0.48016 0.06048 0.09091 0.08874 0.63409 0 0.11058 0.15651 0.5432 0.07048 0.51058 0.54408 0.28302 0.22546 0.64629 0.63981 0.62982 0.66127 0.09007 0.64038 0.0656 0.62034 0.08065 0.05585 0.08075 0.09497 0.51203 0.06906 0.53867 0.59401 0.60159 0.55823 0.09017 0.08322 0.66231 0.65127 0.63636 0.08696 0.10294 0.66311 0.08264 0.08774 0.62122 0.6354 0.11819 0.64065 0.07453 0.064 0.22394 0.15933 0.61821 0.06791 0.25741 0.22903 0.65696 0.5432 0.06242 0.66377 0.08101 0.06684 0.10604 0.0852 0.06417 0.07534 0.07248 0.30842 0.644 0.5503 0.08005 0.12599 0.637 0.62119 0.65612 0.67421 0.62334 0.12983 0.07733
0.32353 0.09286 0.10938 0.13043 0.13475 0.17477 0.55372 0.53097 0.62411 0.50714 0.17909 0.41198 0.20155 0.51429 0.46809 0.50355 0.15942 0.47518 0.09286 0.08511 0.31579 0.56738 0.48462 0.04965 0.05674 0.55797 0.50672 0.10145 0.16001 0.14894 0.60284 0.11058 0 0.2 0.43262 0.08511 0.4 0.43478 0.23881 0.28369 0.53571 0.58156 0.63121 0.58571 0.11348 0.55319 0.13142 0.63121 0.13077 0.07092 0.08571 0.10791 0.49286 0.04965 0.49265 0.56429 0.53191 0.51773 0.13869 0.13445 0.59559 0.60584 0.55 0.13317 0.15328 0.59712 0.10638 0.07194 0.51064 0.52482 0.17021 0.58529 0.08029 0.09929 0.27751 0.21458 0.60993 0.13756 0.32983 0.29224 0.58156 0.43262 0.0922 0.55319 0.09929 0.12057 0.16626 0.05755 0.08511 0.11348 0.08571 0.36327 0.54745 0.43972 0.13549 0.14184 0.58394 0.51064 0.55396 0.66667 0.55319 0.12143 0.10949
0.43269 0.19139 0.1616 0.14611 0.18728 0.21135 0.57664 0.56061 0.59881 0.48886 0.19907 0.38372 0.18699 0.53991 0.46471 0.54491 0.17237 0.50058 0.17936 0.15906 0.40821 0.57615 0.52805 0.17579 0.17213 0.5583 0.47846 0.17751 0.1339 0.17695 0.57562 0.15651 0.2 0 0.51168 0.16686 0.48649 0.47653 0.21573 0.19697 0.54788 0.58851 0.58563 0.56287 0.17811 0.5881 0.16784 0.60093 0.15256 0.17153 0.18225 0.15732 0.46082 0.15986 0.46172 0.50716 0.51109 0.50117 0.16469 0.20141 0.55826 0.59107 0.52409 0.12619 0.17021 0.55582 0.19617 0.1937 0.54588 0.55724 0.15986 0.54599 0.18095 0.17778 0.21465 0.17505 0.57034 0.16824 0.26154 0.16647 0.54904 0.49941 0.15869 0.56294 0.17036 0.15258 0.18257 0.19819 0.16647 0.16486 0.16961 0.24195 0.58065 0.46019 0.16786 0.15636 0.56706 0.539 0.54031 0.5979 0.51166 0.13527 0.15864
0.23596 0.52548 0.542 0.50395 0.56737 0.59076 0.20023 0.1829 0.2158 0.1956 0.61171 0.36988 0.48158 0.18592 0.23432 0.21725 0.53599 0.20724 0.52548 0.51773 0.25792 0.17257 0.14384 0.48227 0.48936 0.22652 0.27514 0.53407 0.53386 0.55568 0.22198 0.5432 0.43262 0.51168 0 0.51773 0.14868 0.17308 0.43527 0.4776 0.17614 0.1989 0.20628 0.21012 0.53712 0.22077 0.56404 0.25164 0.52237 0.50354 0.51833 0.51653 0.2511 0.48227 0.20829 0.23103 0.21335 0.20154 0.57 0.56707 0.23713 0.23568 0.22222 0.51839 0.51774 0.24208 0.539 0.50456 0.18424 0.19978 0.51969 0.19823 0.51291 0.53191 0.51418 0.51891 0.19128 0.54906 0.46401 0.49121 0.2318 0.2184 0.52482 0.15864 0.52735 0.53245 0.56623 0.49017 0.51773 0.53326 0.51833 0.45638 0.21477 0.20372 0.52567 0.51751 0.18743 0.24454 0.18806 0.29727 0.25464 0.51018 0.54211
0.40653 0.09315 0.07605 0.09572 0.11934 0.1646 0.63883 0.61608 0.62255 0.56923 0.16266 0.375 0.18471 0.5994 0.51929 0.58866 0.17054 0.56029 0.09174 0.05921 0.4009 0.62599 0.56973 0.07424 0.07903 0.59863 0.46974 0.09978 0.11625 0.11572 0.62367 0.07048 0.08511 0.16686 0.51773 0 0.48511 0.51989 0.28795 0.24699 0.61294 0.62939 0.6194 0.64686 0.09498 0.62996 0.09091 0.60992 0.08715 0.05915 0.09313 0.10171 0.5022 0.07549 0.5196 0.57494 0.58972 0.54075 0.12 0.10497 0.6491 0.64085 0.61564 0.08919 0.1041 0.65085 0.09572 0.07631 0.59575 0.60596 0.11707 0.6268 0.08594 0.09769 0.23522 0.18619 0.60779 0.09482 0.27938 0.24615 0.64166 0.51773 0.05361 0.63348 0.08534 0.07802 0.1301 0.09168 0.08141 0.07554 0.09171 0.32438 0.63256 0.52483 0.0904 0.12144 0.62658 0.59389 0.62162 0.66379 0.60984 0.1322 0.10033
0.23103 0.47914 0.50938 0.4898 0.53475 0.55556 0.22706 0.21573 0.26233 0.22737 0.57909 0.40551 0.46991 0.23673 0.27051 0.25141 0.52227 0.22271 0.49286 0.48511 0.25884 0.20912 0.17341 0.44965 0.45674 0.29111 0.31077 0.50145 0.51192 0.54446 0.27403 0.51058 0.4 0.48649 0.14868 0.48511 0 0.13409 0.43274 0.48352 0.21829 0.23867 0.25989 0.24585 0.51348 0.25771 0.53142 0.28603 0.49213 0.47092 0.48571 0.47816 0.29347 0.44965 0.27252 0.26097 0.23652 0.23699 0.5352 0.53445 0.27677 0.27655 0.268 0.49888 0.49052 0.2628 0.50638 0.47194 0.22321 0.22531 0.49945 0.25835 0.48029 0.49929 0.50535 0.5 0.26441 0.52328 0.45151 0.49834 0.26014 0.22879 0.4922 0.18922 0.49929 0.50664 0.53437 0.45755 0.48511 0.50227 0.48571 0.44319 0.24352 0.24393 0.5073 0.50605 0.24723 0.28211 0.23837 0.33187 0.2978 0.48123 0.50949
0.26047 0.51732 0.52056 0.48718 0.56279 0.57343 0.24118 0.22372 0.27011 0.23837 0.59414 0.42048 0.46778 0.21566 0.26849 0.26358 0.53089 0.26161 0.51486 0.51989 0.25701 0.22286 0.19222 0.48443 0.49152 0.28196 0.32574 0.53494 0.51515 0.52875 0.27582 0.54408 0.43478 0.47653 0.17308 0.51989 0.13409 0 0.45098 0.48984 0.21596 0.25426 0.26883 0.2719 0.52537 0.25679 0.54754 0.31038 0.49076 0.5057 0.52049 0.49057 0.31215 0.48443 0.25926 0.27136 0.26554 0.23303 0.52009 0.55986 0.30149 0.29579 0.25142 0.49424 0.50401 0.26636 0.54116 0.50672 0.2305 0.24118 0.49605 0.25142 0.51507 0.53407 0.48049 0.49889 0.28136 0.52506 0.46453 0.49489 0.24162 0.25718 0.51806 0.23729 0.52709 0.51305 0.53592 0.49233 0.51989 0.5116 0.51367 0.42661 0.24914 0.2585 0.50978 0.49492 0.23121 0.26607 0.23434 0.35327 0.30248 0.49825 0.53759
0.38232 0.24543 0.26883 0.23448 0.30934 0.29919 0.47038 0.46796 0.48581 0.41834 0.32036 0.38542 0.28088 0.46973 0.41236 0.44686 0.22348 0.41564 0.28605 0.27933 0.3526 0.47689 0.4331 0.28254 0.27629 0.47523 0.47244 0.27684 0.24713 0.28921 0.47092 0.28302 0.23881 0.21573 0.43527 0.28795 0.43274 0.45098 0 0.1257 0.4456 0.46756 0.46857 0.44444 0.26251 0.46205 0.29266 0.47826 0.25993 0.28683 0.29266 0.24331 0.42649 0.26949 0.43488 0.42645 0.42873 0.43274 0.26161 0.2973 0.4359 0.46465 0.44731 0.25341 0.22599 0.47701 0.31264 0.31075 0.47285 0.47919 0.23634 0.44758 0.29954 0.28971 0.32452 0.2348 0.52083 0.25281 0.20904 0.20493 0.48744 0.4 0.2631 0.47269 0.27202 0.25448 0.24634 0.29636 0.26457 0.26437 0.26547 0.25086 0.45486 0.38255 0.24915 0.25864 0.47191 0.45384 0.46835 0.4833 0.41982 0.21107 0.26404
0.42472 0.2528 0.22562 0.19573 0.27122 0.28491 0.50909 0.49822 0.51556 0.44408 0.28322 0.375 0.23634 0.49506 0.42024 0.48936 0.22873 0.44858 0.24656 0.2407 0.38348 0.51766 0.49024 0.23529 0.23658 0.48181 0.46974 0.23451 0.20472 0.23747 0.4885 0.22546 0.28369 0.19697 0.4776 0.24699 0.48352 0.48984 0.1257 0 0.47339 0.51369 0.50056 0.47363 0.21895 0.50383 0.25332 0.50873 0.23661 0.24044 0.25332 0.22551 0.41868 0.23446 0.43799 0.46429 0.46943 0.46703 0.22949 0.25028 0.47494 0.4956 0.49286 0.20356 0.23009 0.5237 0.27897 0.26962 0.50055 0.4967 0.20415 0.48786 0.26087 0.25411 0.2842 0.23013 0.48322 0.20902 0.20465 0.19298 0.49721 0.45183 0.22817 0.51201 0.22271 0.21295 0.23678 0.27316 0.23271 0.2261 0.22161 0.22321 0.49664 0.39211 0.21158 0.24345 0.50165 0.50327 0.48086 0.49073 0.4373 0.21783 0.22442
0.30292 0.61001 0.62102 0.56792 0.67046 0.66159 0.14911 0.13333 0.12818 0.14579 0.67384 0.29887 0.52122 0.10604 0.20481 0.19208 0.59655 0.18658 0.61649 0.62082 0.27562 0.11711 0.1362 0.58536 0.59245 0.15675 0.20413 0.63406 0.58899 0.62174 0.1492 0.64629 0.53571 0.54788 0.17614 0.61294 0.21829 0.21596 0.4456 0.47339 0 0.08305 0.12107 0.12329 0.60815 0.12955 0.66168 0.16572 0.60859 0.60663 0.62142 0.59312 0.27086 0.58536 0.21784 0.20674 0.19637 0.20114 0.6106 0.66345 0.17289 0.13257 0.18721 0.58266 0.57816 0.16804 0.64209 0.60765 0.15783 0.17526 0.56527 0.14237 0.616 0.635 0.53252 0.55928 0.14815 0.60641 0.45977 0.48233 0.13953 0.21429 0.61862 0.12018 0.61635 0.61117 0.62658 0.59326 0.62082 0.60773 0.61927 0.44251 0.15949 0.19134 0.60603 0.58456 0.11213 0.22197 0.13349 0.21429 0.18254 0.56522 0.64302
0.32542 0.61897 0.62939 0.62783 0.62939 0.68296 0.11086 0.12619 0.0905 0.18392 0.63981 0.25439 0.57161 0.12472 0.22235 0.16667 0.63333 0.17492 0.62939 0.62939 0.30262 0.08879 0.14665 0.62939 0.62939 0.15188 0.15965 0.62673 0.62939 0.62939 0.13326 0.63981 0.58156 0.58851 0.1989 0.62939 0.23867 0.25426 0.46756 0.51369 0.08305 0 0.07995 0.10055 0.63981 0.09011 0.62939 0.12294 0.62939 0.62939 0.63334 0.64569 0.27956 0.62939 0.22671 0.18855 0.1921 0.22983 0.62281 0.61897 0.13085 0.0895 0.16887 0.62939 0.61889 0.13621 0.63073 0.5965 0.1637 0.17165 0.61032 0.13097 0.64999 0.61897 0.53737 0.61099 0.12752 0.62939 0.47556 0.5215 0.13034 0.22383 0.62281 0.11294 0.63334 0.62939 0.62939 0.60882 0.63073 0.62939 0.63737 0.44557 0.11361 0.21586 0.65224 0.63117 0.10509 0.1851 0.12571 0.18092 0.17325 0.59585 0.62939
0.35395 0.60898 0.6194 0.62982 0.6194 0.67297 0.12922 0.13939 0.10909 0.18264 0.62982 0.2444 0.59126 0.13205 0.23251 0.16553 0.61818 0.19685 0.6194 0.6194 0.31834 0.09853 0.16608 0.6194 0.6194 0.14739 0.14966 0.61674 0.6194 0.6194 0.12135 0.62982 0.63121 0.58563 0.20628 0.6194 0.25989 0.26883 0.46857 0.50056 0.12107 0.07995 0 0.08465 0.62982 0.09978 0.6194 0.09877 0.6194 0.6194 0.62335 0.6357 0.2791 0.6194 0.24312 0.20571 0.19753 0.23311 0.61282 0.60898 0.12347 0.09831 0.17362 0.6194 0.62738 0.13441 0.62074 0.58651 0.17768 0.17327 0.61504 0.13848 0.64 0.60898 0.55327 0.63457 0.13176 0.6194 0.48077 0.51071 0.12271 0.22955 0.61282 0.11785 0.62335 0.6194 0.6194 0.59883 0.62074 0.6194 0.62738 0.44788 0.12744 0.21236 0.64225 0.64983 0.10633 0.21501 0.14418 0.1491 0.15583 0.58586 0.6194
0.34842 0.63995 0.65085 0.60771 0.65085 0.64892 0.13631 0.14779 0.12081 0.18212 0.66127 0.27585 0.55428 0.14475 0.22481 0.14752 0.57444 0.17971 0.65012 0.65085 0.29625 0.12681 0.1875 0.63536 0.64245 0.16426 0.18111 0.64819 0.60045 0.63666 0.12928 0.66127 0.58571 0.56287 0.21012 0.64686 0.24585 0.2719 0.44444 0.47363 0.12329 0.10055 0.08465 0 0.62569 0.11111 0.65085 0.13297 0.64679 0.65085 0.6548 0.63949 0.24779 0.63536 0.2261 0.19641 0.18901 0.21595 0.63017 0.64043 0.125 0.10398 0.18031 0.61478 0.58863 0.16382 0.65219 0.61796 0.16853 0.16426 0.58306 0.15033 0.666 0.64043 0.54816 0.57717 0.13468 0.62639 0.45606 0.50166 0.14077 0.22656 0.64427 0.13751 0.64136 0.63978 0.63818 0.63028 0.65219 0.64399 0.65 0.44157 0.13161 0.19184 0.62514 0.61716 0.12195 0.21405 0.14609 0.15587 0.15477 0.59613 0.65085
0.43701 0.13758 0.10079 0.12022 0.11123 0.13514 0.63864 0.62959 0.63297 0.56298 0.15343 0.38542 0.18043 0.61842 0.52088 0.58725 0.14459 0.56721 0.1008 0.08197 0.42927 0.63641 0.5981 0.09684 0.09519 0.60905 0.48016 0.09724 0.10799 0.13384 0.63409 0.09007 0.11348 0.17811 0.53712 0.09498 0.51348 0.52537 0.26251 0.21895 0.60815 0.63981 0.62982 0.62569 0 0.64038 0.09503 0.62034 0.12263 0.10153 0.10608 0.11617 0.50494 0.10469 0.52009 0.58082 0.57579 0.54336 0.12846 0.11674 0.6253 0.64764 0.60703 0.11778 0.11381 0.63698 0.1191 0.11705 0.60619 0.61386 0.10251 0.61038 0.098 0.10503 0.22261 0.20668 0.59732 0.08462 0.2663 0.23549 0.63951 0.5461 0.09815 0.64231 0.1036 0.08004 0.11551 0.1083 0.0932 0.10674 0.09802 0.32219 0.644 0.5186 0.08454 0.14177 0.637 0.59739 0.62205 0.64161 0.57298 0.14769 0.10549
0.34343 0.61954 0.62996 0.62909 0.62996 0.68353 0.11149 0.12708 0.09455 0.1978 0.64038 0.25496 0.57306 0.14411 0.21782 0.15006 0.61394 0.18729 0.62996 0.62996 0.28249 0.1073 0.16801 0.60284 0.60993 0.15138 0.16022 0.6273 0.62996 0.62996 0.11978 0.64038 0.55319 0.5881 0.22077 0.62996 0.25771 0.25679 0.46205 0.50383 0.12955 0.09011 0.09978 0.11111 0.64038 0 0.62996 0.1116 0.62996 0.62411 0.63391 0.64626 0.27643 0.60284 0.22732 0.19085 0.18709 0.21476 0.62338 0.61954 0.13174 0.08921 0.17932 0.62996 0.62084 0.15837 0.6313 0.59707 0.14428 0.15894 0.61269 0.13621 0.63348 0.61954 0.55254 0.63025 0.12081 0.62996 0.47287 0.51978 0.13438 0.22284 0.62338 0.1302 0.63391 0.62996 0.62996 0.60939 0.6313 0.62996 0.63794 0.43065 0.11061 0.2092 0.65281 0.64004 0.11797 0.20197 0.14077 0.15956 0.16284 0.59642 0.62996
0.45495 0.12145 0.08516 0.12215 0.07718 0.12357 0.6571 0.6597 0.62255 0.6129 0.1105 0.375 0.19534 0.64571 0.56473 0.63497 0.14013 0.60643 0.09302 0.07991 0.44721 0.62599 0.61604 0.08177 0.08 0.59863 0.46974 0.06734 0.10857 0.10939 0.62367 0.0656 0.13142 0.16784 0.56404 0.09091 0.53142 0.54754 0.29266 0.25332 0.66168 0.62939 0.6194 0.65085 0.09503 0.62996 0 0.60992 0.10985 0.07206 0.06285 0.1088 0.54051 0.10078 0.56803 0.62557 0.61462 0.57414 0.08886 0.07494 0.65189 0.64085 0.63768 0.11738 0.1355 0.65269 0.08286 0.08199 0.64206 0.64928 0.14064 0.66031 0.05995 0.06 0.24431 0.19108 0.60779 0.08705 0.30381 0.25028 0.64654 0.56404 0.0753 0.65407 0.09524 0.0902 0.09832 0.08323 0.0902 0.10388 0.10626 0.34881 0.63358 0.57114 0.10271 0.14396 0.62658 0.64206 0.66286 0.66379 0.62279 0.1512 0.07478
0.3667 0.5995 0.60992 0.62034 0.60992 0.66349 0.13212 0.15777 0.10468 0.21405 0.62034 0.23492 0.5916 0.18571 0.27313 0.19283 0.62034 0.21577 0.60992 0.60992 0.34502 0.12376 0.1977 0.60992 0.60992 0.14774 0.14018 0.60726 0.60992 0.60992 0.10977 0.62034 0.63121 0.60093 0.25164 0.60992 0.28603 0.31038 0.47826 0.50873 0.16572 0.12294 0.09877 0.13297 0.62034 0.1116 0.60992 0 0.60992 0.60992 0.61387 0.62622 0.25714 0.60992 0.24581 0.20559 0.22404 0.25413 0.60334 0.5995 0.14456 0.12418 0.17602 0.60992 0.6179 0.1774 0.61126 0.57703 0.15632 0.14443 0.62034 0.1604 0.63052 0.5995 0.55608 0.62474 0.10738 0.60992 0.48783 0.54775 0.15996 0.25749 0.60334 0.13552 0.61387 0.60992 0.60992 0.58935 0.61126 0.60992 0.6179 0.46205 0.12766 0.24013 0.63277 0.64117 0.12335 0.23119 0.17136 0.11354 0.15939 0.57638 0.60992
0.39425 0.08935 0.07159 0.08871 0.13191 0.17051 0.64377 0.62031 0.62255 0.54821 0.16945 0.375 0.15625 0.61011 0.51689 0.59289 0.1548 0.55481 0.10434 0.07727 0.44213 0.62599 0.57294 0.08807 0.09081 0.59863 0.46974 0.10646 0.11649 0.13043 0.62367 0.08065 0.13077 0.15256 0.52237 0.08715 0.49213 0.49076 0.25993 0.23661 0.60859 0.62939 0.6194 0.64679 0.12263 0.62996 0.10985 0.60992 0 0.06704 0.09966 0.07468 0.49606 0.08715 0.512 0.568 0.5676 0.54331 0.14188 0.14205 0.64583 0.64085 0.59955 0.08884 0.11099 0.63237 0.12673 0.11189 0.60544 0.61105 0.12402 0.61765 0.09909 0.10862 0.22799 0.15598 0.60779 0.10023 0.26274 0.2343 0.63844 0.5437 0.06816 0.6257 0.10838 0.08315 0.12247 0.11097 0.08305 0.07834 0.08578 0.30514 0.63358 0.52018 0.09806 0.10838 0.62658 0.5864 0.60784 0.66379 0.60714 0.12009 0.11261
